VARIABLES = \
"Time_Iter","Outer_Iter","Inner_Iter",    "rms[Rho]"    ,    "rms[RhoU]"   ,    "rms[RhoV]"   ,    "rms[RhoE]"   
          0,           0,           0,      -1.280537733,       1.098801238,       1.243501942,       4.221494793
          0,           0,           1,      -2.159692671,      0.2557554624,      0.4055882495,       3.352568649
          0,           0,           2,      -2.261589739,     0.04366812484,      0.1339290862,       3.246673047
          0,           0,           3,      -2.307863939,   -0.008816157599,     0.04228206583,       3.194379079
          0,           0,           4,      -2.357458989,    -0.06661502842,     -0.0470524261,       3.140328954
          0,           0,           5,      -2.387863716,    -0.05999811389,    -0.08658945642,       3.108143852
          0,           0,           6,      -2.412255931,    -0.05881696064,       -0.12650114,       3.085471112
          0,           0,           7,      -2.446125107,    -0.06239657992,     -0.1755412413,       3.053567903
          0,           0,           8,       -2.50105615,     -0.1115109332,     -0.2738059433,       2.999279645
          0,           0,           9,      -2.571880798,     -0.1895727527,     -0.3702600421,       2.928041042
          0,           0,          10,      -2.650844968,     -0.2882358696,     -0.4525958706,       2.848579284
          0,           0,          11,      -2.734715197,     -0.4000787581,     -0.5206549631,       2.764554451
          0,           0,          12,       -2.81586091,     -0.5060184443,      -0.592332032,       2.683447308
          0,           0,          13,      -2.886698229,     -0.5934783589,     -0.6790696069,       2.612851734
          0,           0,          14,       -2.94990899,     -0.6658312721,     -0.7710809336,       2.549795753
          0,           0,          15,      -3.007158215,     -0.7305573609,     -0.8523677579,       2.492348505
          0,           0,          16,      -3.059464981,     -0.7949099576,     -0.9239949436,       2.439606425
          0,           0,          17,      -3.109828805,     -0.8620335219,     -0.9939710732,       2.388878772
          0,           0,          18,      -3.161797686,     -0.9273667391,      -1.063730298,        2.33677644
          0,           0,          19,      -3.216889007,     -0.9809537178,      -1.126446888,       2.281687858
          0,           0,          20,      -3.275703293,       -1.01620437,      -1.182891835,       2.222856712
          0,           0,          21,      -3.339208087,      -1.040351339,      -1.237149428,       2.159296015
          0,           0,          22,      -3.408098181,      -1.067141775,      -1.291521606,       2.090335083
          0,           0,          23,       -3.48190685,      -1.105041791,      -1.349034488,       2.016453149
          0,           0,          24,      -3.558864386,      -1.155558662,      -1.410644088,       1.939382697
          0,           0,          25,      -3.635982772,      -1.215949445,      -1.476099385,       1.862026978
          0,           0,          26,      -3.710409128,      -1.281634614,       -1.54322064,       1.787182407
          0,           0,          27,      -3.779673436,      -1.347392479,      -1.608968869,       1.717339965
          0,           0,          28,      -3.842693358,      -1.408599689,      -1.669692072,       1.653672223
          0,           0,          29,      -3.900675256,      -1.462666762,      -1.723959012,       1.595071968
          0,           0,          30,      -3.956755426,      -1.510087312,      -1.773382914,       1.538412944
          0,           0,          31,      -4.014073647,      -1.552979992,      -1.821528438,       1.480484536
          0,           0,          32,      -4.074351394,      -1.592558794,      -1.871905353,        1.41948422
          0,           0,          33,      -4.137084227,      -1.629153591,      -1.927028663,        1.35583906
          0,           0,          34,      -4.200711715,      -1.663429367,      -1.987560471,       1.291096597
          0,           0,          35,      -4.263332592,      -1.696027546,       -2.05265165,       1.227179882
          0,           0,          36,      -4.323578374,      -1.727395448,       -2.12047551,       1.165480954
          0,           0,          37,      -4.381161855,      -1.757626289,      -2.188737198,       1.106278681
          0,           0,          38,      -4.436562042,      -1.786378768,      -2.255332742,       1.049066002
          0,           0,          39,       -4.49026143,      -1.813025897,       -2.31850825,      0.9933285003
          0,           0,          40,      -4.542523863,      -1.837167793,      -2.377104996,      0.9388037966
          0,           0,          41,      -4.593399059,      -1.858827917,      -2.430582164,      0.8854720791
          0,           0,          42,      -4.642866134,      -1.878310538,      -2.479212997,      0.8333912489
          0,           0,          43,      -4.690819148,      -1.896130816,      -2.524009026,      0.7827031408
          0,           0,          44,      -4.737035906,      -1.912807597,      -2.566547719,      0.7336814673
          0,           0,          45,      -4.781232946,      -1.928708905,      -2.608498342,      0.6866670744
          0,           0,          46,      -4.823038715,      -1.944000838,      -2.650986832,      0.6421128888
          0,           0,          47,      -4.862276126,      -1.958758231,      -2.694376249,      0.6002824739
          0,           0,          48,      -4.899082297,      -1.972998747,      -2.738149993,      0.5610840312
          0,           0,          49,      -4.933693434,      -1.986742928,      -2.781087456,      0.5243248867
          0,           0,          50,       -4.96645067,      -2.000029088,      -2.821520277,      0.4896826054
          0,           0,          51,       -4.99773649,      -2.012884056,      -2.858778253,      0.4567666603
          0,           0,          52,      -5.027863093,      -2.025358026,      -2.892927235,      0.4252625661
          0,           0,          53,      -5.057032146,       -2.03749809,      -2.924706436,       0.394985592
          0,           0,          54,      -5.085319492,      -2.049331512,       -2.95520852,      0.3659003647
          0,           0,          55,      -5.112707863,      -2.060865941,      -2.985418951,      0.3380809127
          0,           0,          56,      -5.139136172,      -2.072101003,      -3.015921304,       0.311649189
          0,           0,          57,      -5.164560051,      -2.083037863,      -3.046846402,      0.2867011796
          0,           0,          58,      -5.188985456,      -2.093678545,      -3.077974963,      0.2632610101
          0,           0,          59,      -5.212477893,       -2.10403708,      -3.108889863,       0.241273478
          0,           0,          60,      -5.235135039,       -2.11413364,      -3.139163575,         0.2206342
          0,           0,          61,      -5.257057484,      -2.123994899,       -3.16849288,      0.2012272411
          0,           0,          62,      -5.278323131,       -2.13365193,      -3.196753501,      0.1829565614
          0,           0,          63,      -5.298978677,      -2.143137659,      -3.223997418,      0.1657549498
          0,           0,          64,      -5.319047175,      -2.152485007,        -3.2504012,      0.1495742046
          0,           0,          65,      -5.338542174,      -2.161725649,      -3.276196325,      0.1343686062
          0,           0,          66,      -5.357480484,       -2.17088931,      -3.301608242,      0.1200814875
          0,           0,          67,      -5.375889816,      -2.180003091,      -3.326817196,      0.1066394308
          0,           0,          68,      -5.393811784,      -2.189091169,      -3.351941836,      0.0939525327
          0,           0,          69,      -5.411300564,      -2.198174862,      -3.377042508,     0.08191932457
          0,           0,          70,      -5.428418555,      -2.207272556,      -3.402136953,      0.0704340409
          0,           0,          71,      -5.445231378,      -2.216399855,       -3.42722042,     0.05939358839
          0,           0,          72,      -5.461803115,      -2.225569777,      -3.452283294,     0.04870313347
          0,           0,          73,      -5.478192581,      -2.234793009,      -3.477322125,     0.03827969339
          0,           0,          74,      -5.494450947,      -2.244078177,       -3.50234366,     0.02805372068
          0,           0,          75,      -5.510620604,      -2.253432116,       -3.52736367,     0.01796913105
          0,           0,          76,      -5.526735264,      -2.262860214,      -3.552402789,    0.007981935644
          0,           0,          77,      -5.542820984,      -2.272366477,      -3.577481547,   -0.001941756336
          0,           0,          78,      -5.558897648,      -2.281953928,      -3.602616154,    -0.01182796287
          0,           0,          79,       -5.57498051,      -2.291624767,      -3.627815792,    -0.02169691632
          0,           0,          80,      -5.591081576,      -2.301380549,       -3.65308172,    -0.03156473899
          0,           0,          81,      -5.607210707,      -2.311222339,       -3.67840829,    -0.04144468778
          0,           0,          82,      -5.623376401,      -2.321150834,      -3.703785093,    -0.05134800614
          0,           0,          83,       -5.63958633,      -2.331166474,      -3.729199376,    -0.06128447986
          0,           0,          84,       -5.65584765,      -2.341269527,      -3.754638144,    -0.07126277471
          0,           0,          85,       -5.67216711,      -2.351460134,      -3.780089146,    -0.08129060257
          0,           0,          86,      -5.688551074,      -2.361738352,       -3.80554136,    -0.09137481976
          0,           0,          87,      -5.705005702,      -2.372104238,      -3.830985307,     -0.1015215788
          0,           0,          88,      -5.721536679,      -2.382557817,      -3.856411737,     -0.1117362425
          0,           0,          89,      -5.738149155,      -2.393099097,       -3.88181075,     -0.1220234253
          0,           0,          90,      -5.754847671,      -2.403728069,      -3.907171608,     -0.1323869819
          0,           0,          91,      -5.771636046,      -2.414444682,      -3.932481932,      -0.142829956
          0,           0,          92,      -5.788517496,      -2.425248876,      -3.957727334,     -0.1533547827
          0,           0,          93,      -5.805494497,      -2.436140605,      -3.982891169,     -0.1639632809
          0,           0,          94,      -5.822568786,      -2.447119865,      -4.007953458,     -0.1746567351
          0,           0,          95,      -5.839740972,      -2.458186315,      -4.032893198,     -0.1854355625
          0,           0,          96,      -5.857011339,      -2.469339714,      -4.057685323,     -0.1962999728
          0,           0,          97,      -5.874379605,       -2.48057978,      -4.082302697,     -0.2072498547
          0,           0,          98,      -5.891844986,      -2.491906174,      -4.106716335,     -0.2182848283
          0,           0,          99,      -5.909406296,      -2.503318502,      -4.130895651,     -0.2294043242
          0,           0,         100,      -5.927062047,      -2.514816322,       -4.15480878,       -0.24060766
          0,           0,         101,      -5.944810543,      -2.526399148,      -4.178423113,     -0.2518941058
          0,           0,         102,      -5.962649964,      -2.538066466,      -4.201705819,      -0.263262936
          0,           0,         103,      -5.980578399,      -2.549817735,      -4.224624476,     -0.2747134591
          0,           0,         104,       -5.99859389,      -2.561652397,       -4.24714779,     -0.2862450344
          0,           0,         105,      -6.016694505,      -2.573569874,      -4.269246303,     -0.2978570856
          0,           0,         106,      -6.034878346,      -2.585569597,      -4.290892892,     -0.3095491472
          0,           0,         107,      -6.053143483,      -2.597651002,      -4.312063883,     -0.3213208066
          0,           0,         108,      -6.071487921,      -2.609813528,      -4.332739304,     -0.3331716964
          0,           0,         109,      -6.089909592,      -2.622056625,      -4.352903183,     -0.3451014897
          0,           0,         110,       -6.10840634,      -2.634379752,      -4.372543905,     -0.3571098944
          0,           0,         111,      -6.126975886,      -2.646782384,       -4.39165444,     -0.3691966431
          0,           0,         112,      -6.145615795,      -2.659264011,      -4.410232439,      -0.381361483
          0,           0,         113,      -6.164323445,      -2.671824139,      -4.428280195,     -0.3936041664
          0,           0,         114,      -6.183095981,      -2.684462286,      -4.445804488,     -0.4059244393
          0,           0,         115,      -6.201930297,      -2.697177981,      -4.462816289,     -0.4183220339
          0,           0,         116,      -6.220823037,      -2.709970778,      -4.479330419,     -0.4307966797
          0,           0,         117,      -6.239770549,      -2.722840233,      -4.495365142,     -0.4433480837
          0,           0,         118,      -6.258768888,      -2.735785917,      -4.510941675,     -0.4559759344
          0,           0,         119,      -6.277813807,      -2.748807406,      -4.526083675,     -0.4686799039
          0,           0,         120,      -6.296900755,      -2.761904285,      -4.540816741,     -0.4814596496
          0,           0,         121,      -6.316024886,      -2.775076147,      -4.555167915,     -0.4943148203
          0,           0,         122,       -6.33518104,      -2.788322587,      -4.569165138,      -0.507245042
          0,           0,         123,      -6.354363778,      -2.801643205,       -4.58283691,     -0.5202499383
          0,           0,         124,      -6.373567365,      -2.815037602,      -4.596211776,     -0.5333291244
          0,           0,         125,      -6.392785779,      -2.828505386,       -4.60931799,     -0.5464822113
          0,           0,         126,      -6.412012717,      -2.842046162,      -4.622183212,     -0.5597088069
          0,           0,         127,      -6.431241601,      -2.855659541,      -4.634834261,     -0.5730085174
          0,           0,         128,      -6.450465584,      -2.869345133,      -4.647296899,     -0.5863809484
          0,           0,         129,       -6.46967756,      -2.883102549,      -4.659595678,     -0.5998257058
          0,           0,         130,      -6.488870169,      -2.896931402,       -4.67175382,     -0.6133423965
          0,           0,         131,      -6.508035811,      -2.910831304,      -4.683793139,     -0.6269306285
          0,           0,         132,      -6.527166658,       -2.92480187,      -4.695733996,     -0.6405900117
          0,           0,         133,      -6.546254667,      -2.938842715,      -4.707595292,     -0.6543201574
          0,           0,         134,        -6.5652916,      -2.952953453,      -4.719394476,     -0.6681206794
          0,           0,         135,      -6.584269045,      -2.967133701,      -4.731147584,     -0.6819911938
          0,           0,         136,       -6.60317845,      -2.981383075,      -4.742869274,     -0.6959313186
          0,           0,         137,      -6.622011132,      -2.995701195,      -4.754572888,     -0.7099406715
          0,           0,         138,      -6.640758331,      -3.010087681,      -4.766270522,     -0.7240188739
          0,           0,         139,      -6.659411245,      -3.024542152,      -4.777973112,     -0.7381655503
          0,           0,         140,       -6.67796108,      -3.039064233,      -4.789690523,     -0.7523803291
          0,           0,         141,      -6.696399077,      -3.053653547,      -4.801431556,     -0.7666628385
          0,           0,         142,      -6.714716554,       -3.06830972,      -4.813203806,     -0.7810126956
          0,           0,         143,      -6.732904914,      -3.083032382,      -4.825014555,     -0.7954295344
          0,           0,         144,        -6.7509559,      -3.097821164,      -4.836869917,      -0.809912991
          0,           0,         145,      -6.768861456,      -3.112675707,      -4.848775331,     -0.8244627157
          0,           0,         146,      -6.786613927,      -3.127595643,      -4.860735668,     -0.8390783438
          0,           0,         147,      -6.804206038,      -3.142580606,      -4.872755161,     -0.8537595137
          0,           0,         148,      -6.821630935,      -3.157630237,      -4.884837468,     -0.8685058688
          0,           0,         149,      -6.838882272,      -3.172744182,       -4.89698576,     -0.8833170551
          0,           0,         150,      -6.855954277,      -3.187922086,      -4.909202761,     -0.8981927212
          0,           0,         151,      -6.872841809,      -3.203163602,      -4.921490794,      -0.913132518
          0,           0,         152,      -6.889540403,      -3.218468384,      -4.933851814,     -0.9281360989
          0,           0,         153,      -6.906046324,      -3.233836088,      -4.946287463,     -0.9432031201
          0,           0,         154,      -6.922356594,      -3.249266375,       -4.95879909,     -0.9583332402
          0,           0,         155,      -6.938469028,       -3.26475891,      -4.971387797,     -0.9735261209
          0,           0,         156,      -6.954382249,      -3.280313361,       -4.98405448,     -0.9887814258
          0,           0,         157,       -6.97009571,      -3.295929399,      -4.996799816,      -1.004098823
          0,           0,         158,      -6.985609697,      -3.311606697,      -5.009624285,      -1.019477983
          0,           0,         159,      -7.000925218,      -3.327344917,      -5.022528237,      -1.034918563
          0,           0,         160,      -7.016044196,      -3.343143741,      -5.035511914,      -1.050420237
          0,           0,         161,      -7.030969475,      -3.359002878,      -5.048575489,      -1.065982712
          0,           0,         162,       -7.04570458,      -3.374922031,      -5.061719052,      -1.081605701
          0,           0,         163,      -7.060253663,      -3.390900886,      -5.074942449,      -1.097288869
          0,           0,         164,      -7.074621551,      -3.406939131,      -5.088245486,       -1.11303189
          0,           0,         165,      -7.088813676,      -3.423036457,      -5.101627844,      -1.128834437
          0,           0,         166,      -7.102836052,      -3.439192561,      -5.115089119,       -1.14469619
          0,           0,         167,      -7.116695215,      -3.455407146,      -5.128628887,       -1.16061684
          0,           0,         168,      -7.130398146,      -3.471679916,      -5.142246713,      -1.176596083
          0,           0,         169,      -7.143952216,      -3.488010582,      -5.155942159,      -1.192633622
          0,           0,         170,      -7.157365118,      -3.504398858,      -5.169714787,      -1.208729161
          0,           0,         171,      -7.170644806,      -3.520844459,      -5.183564123,      -1.224882406
          0,           0,         172,      -7.183799438,      -3.537347106,      -5.197489683,      -1.241093065
          0,           0,         173,        -7.1968373,       -3.55390652,       -5.21149103,      -1.257360852
          0,           0,         174,      -7.209766768,      -3.570522432,      -5.225567671,      -1.273685484
          0,           0,         175,      -7.222596215,      -3.587194562,      -5.239719106,      -1.290066668
          0,           0,         176,      -7.235334023,      -3.603922641,      -5.253944838,      -1.306504122
          0,           0,         177,      -7.247988507,        -3.6207064,      -5.268244334,      -1.322997563
          0,           0,         178,      -7.260567876,      -3.637545571,      -5.282617057,      -1.339546708
          0,           0,         179,      -7.273080196,      -3.654439891,       -5.29706247,      -1.356151282
          0,           0,         180,      -7.285533358,      -3.671389097,      -5.311580027,      -1.372811008
          0,           0,         181,       -7.29793506,      -3.688392928,      -5.326169211,      -1.389525614
          0,           0,         182,      -7.310292771,      -3.705451125,      -5.340829509,       -1.40629483
          0,           0,         183,      -7.322613712,       -3.72256343,      -5.355560395,      -1.423118386
          0,           0,         184,      -7.334904857,      -3.739729587,      -5.370361367,      -1.439996013
          0,           0,         185,      -7.347172909,       -3.75694934,      -5.385231932,      -1.456927445
          0,           0,         186,      -7.359424299,      -3.774222436,      -5.400171608,      -1.473912417
          0,           0,         187,      -7.371665171,      -3.791548622,      -5.415179915,      -1.490950663
          0,           0,         188,       -7.38390139,      -3.808927645,      -5.430256385,      -1.508041921
          0,           0,         189,      -7.396138532,      -3.826359255,      -5.445400546,      -1.525185926
          0,           0,         190,      -7.408381896,        -3.8438432,      -5.460611943,      -1.542382417
          0,           0,         191,      -7.420636501,       -3.86137923,      -5.475890118,      -1.559631132
          0,           0,         192,      -7.432907088,      -3.878967097,      -5.491234628,      -1.576931811
          0,           0,         193,      -7.445198133,      -3.896606549,      -5.506645036,      -1.594284193
          0,           0,         194,      -7.457513851,      -3.914297338,      -5.522120902,      -1.611688019
          0,           0,         195,      -7.469858202,      -3.932039214,      -5.537661807,      -1.629143029
          0,           0,         196,      -7.482234906,      -3.949831927,      -5.553267331,      -1.646648964
          0,           0,         197,       -7.49464744,      -3.967675227,      -5.568937069,      -1.664205566
          0,           0,         198,      -7.507099065,      -3.985568865,      -5.584670608,      -1.681812574
          0,           0,         199,      -7.519592818,      -4.003512589,      -5.600467557,       -1.69946973
          0,           0,         200,       -7.53213153,      -4.021506147,      -5.616327517,      -1.717176773
          0,           0,         201,      -7.544717839,      -4.039549287,      -5.632250102,      -1.734933444
          0,           0,         202,      -7.557354192,      -4.057641756,      -5.648234936,      -1.752739481
          0,           0,         203,      -7.570042861,      -4.075783299,      -5.664281633,      -1.770594625
          0,           0,         204,      -7.582785949,       -4.09397366,      -5.680389829,      -1.788498611
          0,           0,         205,      -7.595585399,      -4.112212582,       -5.69655916,      -1.806451179
          0,           0,         206,      -7.608443008,      -4.130499807,      -5.712789252,      -1.824452063
          0,           0,         207,      -7.621360426,      -4.148835073,      -5.729079764,         -1.842501
          0,           0,         208,       -7.63433918,      -4.167218119,      -5.745430324,      -1.860597721
          0,           0,         209,      -7.647380655,       -4.18564868,        -5.7618406,      -1.878741961
          0,           0,         210,      -7.660486133,       -4.20412649,      -5.778310233,       -1.89693345
          0,           0,         211,      -7.673656782,       -4.22265128,      -5.794838888,      -1.915171916
          0,           0,         212,      -7.686893665,       -4.24122278,      -5.811426221,      -1.933457089
          0,           0,         213,       -7.70019775,      -4.259840716,      -5.828071898,      -1.951788692
          0,           0,         214,      -7.713569914,       -4.27850481,      -5.844775575,       -1.97016645
          0,           0,         215,       -7.72701095,      -4.297214786,       -5.86153693,      -1.988590084
          0,           0,         216,      -7.740521572,      -4.315970359,      -5.878355634,      -2.007059313
          0,           0,         217,      -7.754102424,      -4.334771245,      -5.895231353,      -2.025573854
          0,           0,         218,      -7.767754081,      -4.353617154,      -5.912163764,      -2.044133422
          0,           0,         219,      -7.781477053,      -4.372507795,      -5.929152548,      -2.062737728
          0,           0,         220,      -7.795271788,      -4.391442872,      -5.946197382,      -2.081386482
          0,           0,         221,       -7.80913869,      -4.410422085,      -5.963297945,      -2.100079389
          0,           0,         222,      -7.823078101,       -4.42944513,      -5.980453911,      -2.118816152
          0,           0,         223,      -7.837090321,      -4.448511698,      -5.997665008,      -2.137596483
          0,           0,         224,      -7.851175606,      -4.467621479,      -6.014930912,       -2.15642007
          0,           0,         225,      -7.865334182,      -4.486774156,      -6.032251263,      -2.175286596
          0,           0,         226,      -7.879566219,      -4.505969407,      -6.049625755,      -2.194195756
          0,           0,         227,      -7.893871869,      -4.525206905,       -6.06705405,      -2.213147232
          0,           0,         228,      -7.908251242,      -4.544486318,      -6.084535842,       -2.23214071
          0,           0,         229,      -7.922704425,      -4.563807311,      -6.102070823,      -2.251175868
          0,           0,         230,      -7.937231477,      -4.583169541,      -6.119658694,      -2.270252382
          0,           0,         231,      -7.951832435,      -4.602572661,       -6.13729913,       -2.28936992
          0,           0,         232,      -7.966507312,      -4.622016316,      -6.154991809,      -2.308528147
          0,           0,         233,      -7.981256094,      -4.641500149,      -6.172736443,      -2.327726727
          0,           0,         234,      -7.996078767,      -4.661023793,       -6.19053269,       -2.34696531
          0,           0,         235,      -8.010975278,      -4.680586876,      -6.208380252,      -2.366243553
          0,           0,         236,      -8.025945579,      -4.700189021,      -6.226278797,      -2.385561095
          0,           0,         237,      -8.040989591,      -4.719829841,      -6.244228034,      -2.404917585
          0,           0,         238,      -8.056107233,      -4.739508946,      -6.262227635,      -2.424312653
          0,           0,         239,      -8.071298416,      -4.759225934,      -6.280277264,      -2.443745929
          0,           0,         240,      -8.086563028,      -4.778980401,      -6.298376616,      -2.463217041
          0,           0,         241,      -8.101900958,      -4.798771931,      -6.316525362,      -2.482725603
          0,           0,         242,      -8.117312085,      -4.818600103,      -6.334723201,      -2.502271234
          0,           0,         243,      -8.132796285,      -4.838464486,      -6.352969792,      -2.521853537
          0,           0,         244,      -8.148353419,      -4.858364644,      -6.371264813,      -2.541472114
          0,           0,         245,      -8.163983356,      -4.878300128,       -6.38960791,      -2.561126554
          0,           0,         246,      -8.179685942,      -4.898270485,      -6.407998804,       -2.58081645
          0,           0,         247,      -8.195461038,      -4.918275249,      -6.426437129,      -2.600541382
          0,           0,         248,      -8.211308496,      -4.938313949,      -6.444922552,      -2.620300922
          0,           0,         249,      -8.227228162,      -4.958386101,      -6.463454729,      -2.640094635
          0,           0,         250,      -8.243219882,      -4.978491215,      -6.482033356,      -2.659922089
          0,           0,         251,        -8.2592835,      -4.998628789,       -6.50065807,      -2.679782833
          0,           0,         252,      -8.275418873,      -5.018798311,      -6.519328523,      -2.699676408
          0,           0,         253,      -8.291625833,      -5.038999261,       -6.53804441,      -2.719602362
          0,           0,         254,      -8.307904225,      -5.059231107,      -6.556805362,      -2.739560219
          0,           0,         255,      -8.324253912,      -5.079493306,      -6.575610972,      -2.759549494
          0,           0,         256,      -8.340674725,      -5.099785307,      -6.594460952,      -2.779569707
          0,           0,         257,      -8.357166512,      -5.120106545,      -6.613354914,      -2.799620364
          0,           0,         258,      -8.373729138,      -5.140456445,      -6.632292498,       -2.81970096
          0,           0,         259,      -8.390362442,      -5.160834423,      -6.651273372,      -2.839810993
          0,           0,         260,      -8.407066287,      -5.181239878,      -6.670297129,      -2.859949932
          0,           0,         261,      -8.423840525,      -5.201672205,       -6.68936342,      -2.880117256
          0,           0,         262,      -8.440685017,       -5.22213078,      -6.708471859,      -2.900312423
          0,           0,         263,      -8.457599631,       -5.24261497,      -6.727622059,      -2.920534889
          0,           0,         264,      -8.474584224,      -5.263124132,      -6.746813673,      -2.940784106
          0,           0,         265,      -8.491638685,      -5.283657606,      -6.766046294,      -2.961059492
          0,           0,         266,      -8.508762864,      -5.304214723,      -6.785319471,      -2.981360487
          0,           0,         267,      -8.525956658,      -5.324794801,      -6.804632895,      -3.001686504
          0,           0,         268,      -8.543219943,      -5.345397144,      -6.823986099,      -3.022036945
          0,           0,         269,      -8.560552597,      -5.366021043,      -6.843378741,      -3.042411222
          0,           0,         270,       -8.57795452,      -5.386665779,      -6.862810399,      -3.062808716
          0,           0,         271,      -8.595425626,      -5.407330614,      -6.882280554,      -3.083228791
          0,           0,         272,      -8.612965782,      -5.428014804,       -6.90178894,      -3.103670844
          0,           0,         273,      -8.630574906,      -5.448717587,      -6.921335037,      -3.124134211
          0,           0,         274,      -8.648252901,      -5.469438192,      -6.940918514,      -3.144618261
          0,           0,         275,      -8.665999701,      -5.490175827,      -6.960538843,      -3.165122313
          0,           0,         276,      -8.683815213,      -5.510929694,      -6.980195585,      -3.185645707
          0,           0,         277,      -8.701699349,      -5.531698979,      -6.999888315,      -3.206187753
          0,           0,         278,      -8.719652054,      -5.552482857,      -7.019616578,      -3.226747768
          0,           0,         279,      -8.737673261,      -5.573280486,      -7.039379888,      -3.247325047
          0,           0,         280,      -8.755762902,      -5.594091014,      -7.059177823,      -3.267918885
          0,           0,         281,      -8.773920936,      -5.614913573,      -7.079009878,      -3.288528553
          0,           0,         282,      -8.792147302,      -5.635747286,      -7.098875633,      -3.309153338
          0,           0,         283,      -8.810441974,      -5.656591262,      -7.118774609,      -3.329792489
          0,           0,         284,      -8.828804898,      -5.677444597,      -7.138706313,      -3.350445281
          0,           0,         285,      -8.847236068,       -5.69830637,      -7.158670123,      -3.371110904
          0,           0,         286,      -8.865735408,      -5.719175658,       -7.17866571,      -3.391788627
          0,           0,         287,      -8.884302936,      -5.740051519,      -7.198692475,      -3.412477669
          0,           0,         288,      -8.902938632,      -5.760933002,      -7.218749926,      -3.433177248
          0,           0,         289,      -8.921642483,      -5.781819145,      -7.238837611,      -3.453886568
          0,           0,         290,      -8.940414481,      -5.802708973,      -7.258954877,      -3.474604818
          0,           0,         291,      -8.959254668,      -5.823601499,      -7.279101062,      -3.495331158
          0,           0,         292,      -8.978162967,      -5.844495741,       -7.29927615,      -3.516064865
          0,           0,         293,      -8.997139499,      -5.865390684,      -7.319479009,      -3.536805006
          0,           0,         294,      -9.016184227,      -5.886285322,      -7.339709299,      -3.557550807
          0,           0,         295,      -9.035297161,      -5.907178641,       -7.35996676,      -3.578301449
          0,           0,         296,      -9.054478411,      -5.928069599,      -7.380250073,      -3.599055979
          0,           0,         297,      -9.073727904,      -5.948957183,      -7.400559605,      -3.619813684
          0,           0,         298,       -9.09304574,       -5.96984034,      -7.420894092,      -3.640573607
          0,           0,         299,      -9.112432047,      -5.990718021,      -7.441252955,       -3.66133487
          0,           0,         300,      -9.131886761,      -6.011589189,      -7.461635942,      -3.682096705
          0,           0,         301,      -9.151410019,      -6.032452781,      -7.482042235,      -3.702858142
          0,           0,         302,      -9.171001876,      -6.053307746,      -7.502471235,      -3.723618375
          0,           0,         303,      -9.190662424,      -6.074153023,      -7.522922342,      -3.744376467
          0,           0,         304,      -9.210391705,      -6.094987558,      -7.543395053,      -3.765131578
          0,           0,         305,      -9.230189845,      -6.115810289,      -7.563888281,      -3.785882809
          0,           0,         306,      -9.250056906,      -6.136620162,      -7.584402084,      -3.806629289
          0,           0,         307,      -9.269993023,      -6.157416121,      -7.604935428,      -3.827370136
          0,           0,         308,      -9.289998317,      -6.178197114,      -7.625487454,      -3.848104464
          0,           0,         309,      -9.310072896,      -6.198962093,      -7.646057722,      -3.868831355
          0,           0,         310,      -9.330216831,      -6.219710022,      -7.666645685,      -3.889549963
          0,           0,         311,      -9.350430323,      -6.240439859,      -7.687250197,      -3.910259328
          0,           0,         312,      -9.370713372,      -6.261150597,      -7.707871093,      -3.930958693
          0,           0,         313,      -9.391066291,      -6.281841197,      -7.728507086,      -3.951647061
          0,           0,         314,      -9.411489065,      -6.302510687,      -7.749158705,      -3.972323818
          0,           0,         315,      -9.431982049,      -6.323158042,        -7.7698237,      -3.992987846
          0,           0,         316,      -9.452545278,      -6.343782298,      -7.790501972,      -4.013638333
          0,           0,         317,      -9.473178776,      -6.364382514,      -7.811193593,      -4.034274628
          0,           0,         318,      -9.493882969,      -6.384957705,      -7.831896634,      -4.054895585
          0,           0,         319,      -9.514657854,      -6.405506974,      -7.852610712,      -4.075500561
          0,           0,         320,      -9.535503672,      -6.426029397,      -7.873334651,      -4.096088643
          0,           0,         321,      -9.556420526,      -6.446524105,      -7.894068935,      -4.116659198
          0,           0,         322,      -9.577408698,      -6.466990224,      -7.914812206,       -4.13721136
          0,           0,         323,      -9.598468462,      -6.487426897,      -7.935562931,      -4.157744227
          0,           0,         324,      -9.619599839,      -6.507833338,      -7.956321724,      -4.178257294
          0,           0,         325,       -9.64080325,       -6.52820873,      -7.977087141,      -4.198749611
          0,           0,         326,      -9.662078667,      -6.548552335,      -7.997858202,      -4.219220552
          0,           0,         327,      -9.683426239,      -6.568863418,      -8.018634597,      -4.239669332
          0,           0,         328,       -9.70484647,      -6.589141249,      -8.039414511,      -4.260095089
          0,           0,         329,      -9.726339372,      -6.609385189,      -8.060198185,      -4.280497448
          0,           0,         330,      -9.747905341,      -6.629594581,       -8.08098424,      -4.300875676
          0,           0,         331,      -9.769544564,      -6.649768818,      -8.101772753,      -4.321229046
          0,           0,         332,      -9.791257156,      -6.669907344,      -8.122561657,      -4.341557077
          0,           0,         333,       -9.81304324,      -6.690009648,      -8.143352522,      -4.361859358
          0,           0,         334,      -9.834903458,      -6.710075171,      -8.164141571,      -4.382134839
          0,           0,         335,      -9.856837603,      -6.730103504,      -8.184929539,      -4.402383423
          0,           0,         336,      -9.878846246,      -6.750094187,      -8.205716031,      -4.422604218
          0,           0,         337,      -9.900929424,      -6.770046865,      -8.226499528,      -4.442797035
          0,           0,         338,      -9.923087221,      -6.789961198,      -8.247278689,      -4.462961203
          0,           0,         339,      -9.945319883,      -6.809836885,      -8.268053706,      -4.483096506
          0,           0,         340,      -9.967628035,      -6.829673627,      -8.288823765,      -4.503202404
          0,           0,         341,      -9.990011635,      -6.849471235,      -8.309586885,      -4.523278621
          0,           0,         342,      -10.01247063,      -6.869229523,        -8.3303438,      -4.543324683
