VARIABLES = \
"Time_Iter","Outer_Iter","Inner_Iter",    "rms[Rho]"    ,    "rms[RhoU]"   ,    "rms[RhoV]"   ,    "rms[RhoE]"   
          0,           0,           0,      -3.963856789,      -4.042774092,      -3.967352542,      -3.507300984
          0,           0,           1,      -4.812680168,      -4.890570106,      -4.794895245,        -4.3464921
          0,           0,           2,      -4.786397348,      -4.945349236,       -4.97901074,      -4.343295927
          0,           0,           3,      -3.882614478,      -4.126563339,      -4.484343269,      -3.426246961
          0,           0,           4,      -3.651456766,      -3.858804947,      -4.334036235,      -3.192997884
          0,           0,           5,      -3.808079878,      -3.836469218,      -4.373683435,      -3.349243133
          0,           0,           6,      -4.148046374,      -4.191375955,      -4.619474977,      -3.698306248
          0,           0,           7,      -4.348663029,      -4.411690921,      -4.782260609,      -3.899640783
          0,           0,           8,      -4.467495109,      -4.538929745,      -4.877590725,      -4.017411822
          0,           0,           9,      -4.587542835,      -4.633073761,      -4.941187558,      -4.138277342
          0,           0,          10,      -4.711671466,      -4.735858384,      -5.073802375,      -4.262512065
          0,           0,          11,      -4.844936995,      -4.857413243,        -5.1745789,      -4.394520586
          0,           0,          12,      -4.947794983,      -4.956847798,      -5.226572092,      -4.496322924
          0,           0,          13,      -5.011615462,      -5.026418056,      -5.263680426,      -4.558708325
          0,           0,          14,      -5.015422218,      -5.061595707,      -5.294516136,      -4.561742689
          0,           0,          15,      -4.994878076,      -5.061246953,      -5.335654525,       -4.54244906
          0,           0,          16,      -5.013927547,       -5.06422942,      -5.401794283,      -4.563165888
          0,           0,          17,      -5.094702064,      -5.114131607,       -5.47954485,      -4.644912069
          0,           0,          18,      -5.232046151,      -5.223578365,      -5.554982625,      -4.781745329
          0,           0,          19,      -5.391024134,      -5.368149786,      -5.626331983,      -4.938110822
          0,           0,          20,      -5.500253681,       -5.49232718,      -5.697662728,      -5.044628018
          0,           0,          21,      -5.548242532,      -5.561357677,       -5.77770722,      -5.093119241
          0,           0,          22,       -5.60859495,      -5.619250733,      -5.864368741,      -5.154641397
          0,           0,          23,      -5.704520172,      -5.703252925,      -5.938930875,      -5.249923762
          0,           0,          24,        -5.7535601,      -5.783030014,        -5.9686332,      -5.296598519
          0,           0,          25,      -5.681407441,      -5.775254904,      -5.946855017,      -5.224866678
          0,           0,          26,      -5.584760273,       -5.70027029,      -5.909147213,      -5.129913253
          0,           0,          27,      -5.523868748,      -5.631940599,      -5.881200817,      -5.070223217
          0,           0,          28,      -5.496583194,      -5.594176578,      -5.871409026,      -5.043601495
          0,           0,          29,      -5.495262287,      -5.581113129,      -5.876388046,      -5.042623176
          0,           0,          30,      -5.509172505,      -5.588008236,      -5.889277159,      -5.056595509
          0,           0,          31,      -5.531514538,      -5.606413974,      -5.907854842,       -5.07887398
          0,           0,          32,      -5.560452074,      -5.630732399,      -5.930403512,       -5.10773747
          0,           0,          33,      -5.592966094,      -5.659697326,      -5.955950561,      -5.140193303
          0,           0,          34,      -5.627335605,      -5.691128494,      -5.986282937,      -5.174552806
          0,           0,          35,      -5.662242954,      -5.723196737,      -6.020641695,      -5.209500138
          0,           0,          36,      -5.699560931,      -5.756935268,      -6.056010597,      -5.246881347
          0,           0,          37,      -5.742039931,      -5.795577816,      -6.094396032,      -5.289385853
          0,           0,          38,      -5.791602829,      -5.840961191,      -6.136880896,      -5.338911398
          0,           0,          39,      -5.847772365,      -5.893418066,      -6.185866119,      -5.395017614
          0,           0,          40,      -5.909707381,      -5.950660772,      -6.241291336,      -5.456843907
          0,           0,          41,      -5.976332821,      -6.013286634,       -6.30115671,      -5.523309724
          0,           0,          42,      -6.046668975,      -6.079938562,      -6.365152838,       -5.59342709
          0,           0,          43,      -6.118272153,      -6.148430871,      -6.433399686,      -5.664772447
          0,           0,          44,      -6.190330837,      -6.217297705,      -6.504579297,      -5.736586371
          0,           0,          45,      -6.261084931,      -6.285938518,      -6.576238955,      -5.807180744
          0,           0,          46,      -6.330760893,      -6.353825228,      -6.647422577,      -5.876792509
          0,           0,          47,      -6.402391298,      -6.421401342,       -6.71906644,      -5.948425043
          0,           0,          48,      -6.477190106,      -6.491329063,      -6.793404919,      -6.023206563
          0,           0,          49,      -6.555805656,      -6.564845476,      -6.869507175,      -6.101732739
          0,           0,          50,      -6.638104275,      -6.641507886,      -6.947224027,      -6.183920513
          0,           0,          51,      -6.723328978,      -6.720842333,      -7.028182157,      -6.269140013
          0,           0,          52,      -6.810217969,      -6.801245459,      -7.112526472,      -6.356252995
          0,           0,          53,      -6.897408236,      -6.880417293,      -7.199154488,      -6.443952454
          0,           0,          54,      -6.984147233,      -6.956170982,      -7.286552533,        -6.5315011
          0,           0,          55,      -7.070356241,      -7.026725045,      -7.373936218,      -6.618901456
          0,           0,          56,      -7.155829019,      -7.091102585,      -7.460860493,      -6.706167501
          0,           0,          57,      -7.240412731,      -7.149093845,      -7.547260869,      -6.793466261
          0,           0,          58,      -7.323063969,       -7.20089486,      -7.633277423,       -6.88002088
          0,           0,          59,      -7.401011536,      -7.246753592,      -7.717562362,      -6.963023741
          0,           0,          60,      -7.467756452,      -7.286366119,      -7.794585933,      -7.035190246
          0,           0,          61,      -7.512673027,      -7.318628121,      -7.853661737,      -7.083939873
          0,           0,          62,      -7.528024758,      -7.342378251,      -7.884576504,      -7.099643794
          0,           0,          63,      -7.518465522,      -7.357614471,      -7.887641348,      -7.087567451
          0,           0,          64,      -7.497700866,      -7.366101128,      -7.874219881,      -7.063558184
          0,           0,          65,      -7.477411294,      -7.370717249,      -7.856450271,      -7.040545381
          0,           0,          66,      -7.463082463,      -7.374145014,      -7.841232317,      -7.024226468
          0,           0,          67,      -7.455768488,      -7.378151691,      -7.830977309,       -7.01550545
          0,           0,          68,      -7.454293328,      -7.383438252,      -7.825656416,       -7.01301296
          0,           0,          69,      -7.456764444,      -7.389971604,      -7.824237278,      -7.014704801
          0,           0,          70,      -7.461484176,      -7.397411824,      -7.825588483,      -7.018785815
          0,           0,          71,      -7.467426466,      -7.405451065,      -7.828927099,      -7.024181068
          0,           0,          72,      -7.474327831,       -7.41399121,      -7.833939817,      -7.030613615
          0,           0,          73,      -7.482482378,      -7.423148911,      -7.840711731,        -7.0383825
          0,           0,          74,      -7.492404425,      -7.433159427,      -7.849523486,      -7.048009479
          0,           0,          75,      -7.504521697,      -7.444250238,       -7.86062823,      -7.059923104
          0,           0,          76,      -7.518970315,      -7.456533406,      -7.874079473,      -7.074250306
          0,           0,          77,          -7.53552,      -7.469950865,      -7.889670169,      -7.090743402
          0,           0,          78,      -7.553607066,      -7.484271742,      -7.906921447,      -7.108814352
          0,           0,          79,      -7.572459491,      -7.499147171,      -7.925172655,      -7.127663774
          0,           0,          80,       -7.59126132,       -7.51418641,      -7.943699127,      -7.146449184
          0,           0,          81,      -7.609315922,      -7.529035387,      -7.961833612,      -7.164452266
          0,           0,          82,      -7.626159104,      -7.543430786,      -7.979069737,      -7.181195324
          0,           0,          83,      -7.641600263,      -7.557225083,      -7.995116036,      -7.196483463
          0,           0,          84,      -7.655676427,      -7.570376356,      -8.009880513,      -7.210356776
          0,           0,          85,      -7.668551342,      -7.582912911,      -8.023394387,      -7.222985668
          0,           0,          86,      -7.680394514,       -7.59490194,      -8.035746565,      -7.234546341
          0,           0,          87,      -7.691303285,      -7.606394475,      -8.047027998,       -7.24514131
          0,           0,          88,      -7.701267113,      -7.617378751,      -8.057205902,      -7.254762325
          0,           0,          89,      -7.710182811,      -7.627815184,      -8.066194967,      -7.263307469
          0,           0,          90,      -7.717900056,      -7.637640241,      -8.073899921,       -7.27062866
          0,           0,          91,      -7.724303153,      -7.646793007,      -8.080252175,      -7.276615351
          0,           0,          92,      -7.729376798,      -7.655240503,      -8.085256729,      -7.281260899
          0,           0,          93,      -7.733237322,      -7.662994242,      -8.089029111,      -7.284692751
          0,           0,          94,      -7.736125538,      -7.670118318,      -8.091795545,      -7.287163132
          0,           0,          95,      -7.738364995,      -7.676725506,      -8.093857948,      -7.289005175
          0,           0,          96,      -7.740301576,      -7.682955886,      -8.095569427,      -7.290571512
          0,           0,          97,      -7.742242068,      -7.688976459,      -8.097185234,       -7.29217152
          0,           0,          98,       -7.74442903,       -7.69493858,      -8.098922507,      -7.294047608
          0,           0,          99,      -7.747032778,      -7.700948572,      -8.101012851,      -7.296368561
          0,           0,         100,       -7.75014847,      -7.707097233,      -8.103569756,      -7.299226707
          0,           0,         101,      -7.753883798,      -7.713428541,      -8.106760748,       -7.30272757
          0,           0,         102,      -7.755882103,      -7.719847215,      -8.110822524,       -7.30445471
          0,           0,         103,      -7.754441401,      -7.725915733,      -8.112006253,      -7.302708974
          0,           0,         104,      -7.753630799,      -7.732678381,      -8.117410263,      -7.301693084
          0,           0,         105,      -7.755284518,      -7.740439817,       -8.12500828,      -7.303211034
          0,           0,         106,      -7.759295711,      -7.748959907,      -8.132669129,      -7.307099817
          0,           0,         107,      -7.764758928,      -7.757847557,      -8.139529423,      -7.312431965
          0,           0,         108,      -7.770651447,      -7.766673216,      -8.145543532,      -7.318188407
          0,           0,         109,      -7.776388355,      -7.775151438,      -8.150985603,      -7.323795037
          0,           0,         110,      -7.781850173,      -7.783264182,      -8.156128577,      -7.329139558
          0,           0,         111,      -7.787217359,      -7.791146012,      -8.161284835,      -7.334404272
          0,           0,         112,       -7.79278193,      -7.798995276,      -8.166740265,      -7.339878641
          0,           0,         113,      -7.798791195,      -7.807005566,      -8.172673087,      -7.345805818
          0,           0,         114,      -7.804647057,      -7.815585686,      -8.178985242,      -7.351572692
          0,           0,         115,      -7.810786653,      -7.824278217,      -8.185894492,      -7.357636647
          0,           0,         116,      -7.817658162,      -7.832989184,      -8.192984368,      -7.364450949
          0,           0,         117,      -7.825366671,      -7.841915917,      -8.200245613,      -7.372106529
          0,           0,         118,      -7.833673345,      -7.851053283,      -8.207874344,      -7.380359005
          0,           0,         119,      -7.842353275,      -7.860408378,      -8.215890096,      -7.388984418
          0,           0,         120,      -7.851290109,        -7.8700142,      -8.224244984,      -7.397869293
          0,           0,         121,      -7.860442184,      -7.879870369,      -8.232924597,      -7.406973653
          0,           0,         122,      -7.869806682,      -7.889961534,      -8.241915362,      -7.416294516
          0,           0,         123,      -7.879390691,      -7.900272524,      -8.251199253,      -7.425838182
          0,           0,         124,      -7.889200527,      -7.910788065,      -8.260768694,      -7.435610427
          0,           0,         125,      -7.899245384,      -7.921498745,      -8.270622168,      -7.445620173
          0,           0,         126,       -7.90953911,      -7.932406283,      -8.280755771,      -7.455881065
          0,           0,         127,      -7.920094268,      -7.943518892,      -8.291162874,      -7.466405443
          0,           0,         128,      -7.930914566,      -7.954842532,      -8.301835137,      -7.477196774
          0,           0,         129,      -7.941991712,      -7.966375946,      -8.312760773,      -7.488246565
          0,           0,         130,      -7.953307589,      -7.978110668,      -8.323923469,      -7.499536597
          0,           0,         131,      -7.964843661,       -7.99003376,      -8.335304709,      -7.511048437
          0,           0,         132,      -7.976572571,      -8.002131538,      -8.346888068,      -7.522754779
          0,           0,         133,      -7.988477538,      -8.014390934,      -8.358665494,      -7.534638865
          0,           0,         134,      -8.000553852,      -8.026804934,      -8.370625582,      -7.546695911
          0,           0,         135,      -8.012801848,      -8.039370862,      -8.382769048,      -7.558926036
          0,           0,         136,      -8.025223573,      -8.052090392,      -8.395090621,      -7.571331243
          0,           0,         137,      -8.037821578,      -8.064964056,      -8.407588313,      -7.583914026
          0,           0,         138,      -8.050593921,      -8.077988667,      -8.420262271,      -7.596672359
          0,           0,         139,      -8.063534064,      -8.091161018,      -8.433105128,      -7.609599647
          0,           0,         140,       -8.07663212,      -8.104476128,      -8.446107521,      -7.622686034
          0,           0,         141,      -8.089877863,      -8.117927102,      -8.459261665,      -7.635921376
          0,           0,         142,      -8.103264444,      -8.131507208,       -8.47256179,      -7.649299021
          0,           0,         143,      -8.116781206,      -8.145213354,      -8.485998421,      -7.662808349
          0,           0,         144,        -8.1303877,      -8.159042383,      -8.499526226,       -7.67640886
          0,           0,         145,      -8.144134769,      -8.172982313,      -8.513256244,      -7.690151789
          0,           0,         146,      -8.158037104,      -8.187048497,       -8.52714555,      -7.704051406
          0,           0,         147,      -8.172103394,      -8.201252841,      -8.541179402,      -7.718115931
          0,           0,         148,      -8.186330821,      -8.215600129,      -8.555355062,      -7.732342305
          0,           0,         149,      -8.200706908,      -8.230085805,      -8.569667873,      -7.746718087
          0,           0,         150,      -8.215216323,      -8.244699712,      -8.584112414,       -7.76122817
          0,           0,         151,      -8.229846563,      -8.259431274,      -8.598681752,      -7.775860285
          0,           0,         152,      -8.244590353,      -8.274273135,       -8.61336946,      -7.790607304
          0,           0,         153,      -8.259444788,      -8.289221636,       -8.62817164,      -7.805466379
          0,           0,         154,       -8.27440971,      -8.304275767,      -8.643087348,      -7.820437367
          0,           0,         155,      -8.289486716,      -8.319436206,       -8.65811793,      -7.835521863
          0,           0,         156,      -8.304678459,      -8.334704741,      -8.673265858,      -7.850722519
          0,           0,         157,       -8.31998789,      -8.350083511,      -8.688533636,      -7.866042282
          0,           0,         158,      -8.335417522,      -8.365574495,       -8.70392315,      -7.881483669
          0,           0,         159,      -8.350968909,      -8.381179148,      -8.719435415,      -7.897048248
          0,           0,         160,      -8.366642471,       -8.39689821,      -8.735070586,      -7.912736467
          0,           0,         161,      -8.382437508,      -8.412731692,       -8.75082802,      -7.928547671
          0,           0,         162,      -8.398352494,      -8.428678977,      -8.766706571,      -7.944480388
          0,           0,         163,      -8.414385352,      -8.444739015,      -8.782704641,      -7.960532602
          0,           0,         164,      -8.430533809,      -8.460910465,      -8.798820493,      -7.976702111
          0,           0,         165,      -8.446795815,       -8.47719196,      -8.815052546,      -7.992986939
          0,           0,         166,      -8.463169825,       -8.49358235,      -8.831399537,      -8.009385611
          0,           0,         167,      -8.479654864,      -8.510080821,      -8.847860565,      -8.025897223
          0,           0,         168,      -8.496250404,       -8.52668687,      -8.864435018,      -8.042521318
          0,           0,         169,      -8.512956136,      -8.543400191,      -8.881122445,      -8.059257657
          0,           0,         170,      -8.529771773,      -8.560220534,       -8.89792244,      -8.076106025
          0,           0,         171,      -8.546696942,      -8.577147625,      -8.914834584,      -8.093066134
          0,           0,         172,      -8.563731196,      -8.594181152,      -8.931858437,      -8.110137622
          0,           0,         173,      -8.580874066,      -8.611320802,      -8.948993587,      -8.127320118
          0,           0,         174,      -8.598125149,      -8.628566312,      -8.966239699,      -8.144613316
          0,           0,         175,      -8.615484162,      -8.645917514,      -8.983596562,       -8.16201704
          0,           0,         176,      -8.632950958,      -8.663374354,      -9.001064102,      -8.179531253
          0,           0,         177,      -8.650525508,      -8.680936877,      -9.018642361,      -8.197156042
          0,           0,         178,      -8.668207851,      -8.698605201,      -9.036331461,      -8.214891567
          0,           0,         179,      -8.685998049,      -8.716379477,      -9.054131563,      -8.232738021
          0,           0,         180,      -8.703896147,      -8.734259858,      -9.072042832,      -8.250695583
          0,           0,         181,       -8.72190216,      -8.752246486,      -9.090065427,      -8.268764417
          0,           0,         182,      -8.740016092,      -8.770339495,      -9.108199504,      -8.286944681
          0,           0,         183,      -8.758237942,      -8.788539022,      -9.126445227,      -8.305236537
          0,           0,         184,      -8.776567739,      -8.806845222,      -9.144802794,       -8.32364019
          0,           0,         185,      -8.795005558,      -8.825258287,      -9.163272456,      -8.342155899
          0,           0,         186,      -8.813551542,      -8.843778452,      -9.181854534,      -8.360784001
          0,           0,         187,      -8.832205912,      -8.862406017,      -9.200549433,      -8.379524923
          0,           0,         188,      -8.850968963,      -8.881141341,      -9.219357638,      -8.398379178
          0,           0,         189,      -8.869841059,      -8.899984844,       -9.23827971,      -8.417347364
          0,           0,         190,       -8.88882262,      -8.918936999,       -9.25731628,      -8.436430143
          0,           0,         191,      -8.907914097,      -8.937998322,      -9.276468024,      -8.455628229
          0,           0,         192,      -8.927115958,      -8.957169355,      -9.295735662,      -8.474942367
          0,           0,         193,      -8.946428695,      -8.976450666,       -9.31511996,      -8.494373342
          0,           0,         194,      -8.965852824,      -8.995842853,      -9.334621733,      -8.513921982
          0,           0,         195,      -8.985388898,       -9.01534655,      -9.354241852,      -8.533589176
          0,           0,         196,      -9.005037524,      -9.034962431,      -9.373981261,      -8.553375882
          0,           0,         197,      -9.024799374,      -9.054691227,      -9.393840989,      -8.573283151
          0,           0,         198,      -9.044675194,      -9.074533732,      -9.413822156,      -8.593312129
          0,           0,         199,        -9.0646658,      -9.094490801,      -9.433925977,      -8.613464062
          0,           0,         200,      -9.084772078,      -9.114563351,      -9.454153761,      -8.633740293
          0,           0,         201,      -9.104994981,      -9.134752362,      -9.474506914,      -8.654142262
          0,           0,         202,      -9.125335516,      -9.155058873,       -9.49498693,      -8.674671501
          0,           0,         203,      -9.145794743,      -9.175483969,      -9.515595396,      -8.695329625
          0,           0,         204,      -9.166373781,      -9.196028797,         -9.536334,      -8.716118354
          0,           0,         205,       -9.18707381,       -9.21669456,      -9.557204529,      -8.737039506
          0,           0,         206,      -9.207896074,      -9.237482523,      -9.578208882,      -8.758095014
          0,           0,         207,      -9.228841884,      -9.258394016,      -9.599349071,      -8.779286923
          0,           0,         208,      -9.249912607,      -9.279430424,      -9.620627219,      -8.800617394
          0,           0,         209,      -9.271109685,      -9.300593197,      -9.642045591,      -8.822088716
          0,           0,         210,      -9.292434635,      -9.321883857,      -9.663606577,      -8.843703324
          0,           0,         211,      -9.313889039,      -9.343303991,      -9.685312706,      -8.865463784
          0,           0,         212,      -9.335474562,      -9.364855252,      -9.707166671,      -8.887372823
          0,           0,         213,      -9.357192953,      -9.386539375,      -9.729171322,      -8.909433336
          0,           0,         214,      -9.379046037,      -9.408358164,      -9.751329676,      -8.931648388
          0,           0,         215,      -9.401035728,      -9.430313506,      -9.773644937,       -8.95402123
          0,           0,         216,      -9.423164009,      -9.452407351,      -9.796120493,      -8.976555295
          0,           0,         217,      -9.445432974,      -9.474641736,      -9.818759959,      -8.999254246
          0,           0,         218,      -9.467844797,      -9.497018789,      -9.841567149,      -9.022121962
          0,           0,         219,      -9.490401729,      -9.519540701,      -9.864546108,      -9.045162543
          0,           0,         220,      -9.513106085,       -9.54220973,      -9.887701108,      -9.068380315
          0,           0,         221,      -9.535960273,        -9.5650282,      -9.911036699,      -9.091779875
          0,           0,         222,      -9.558966803,      -9.587998533,      -9.934557712,       -9.11536612
          0,           0,         223,      -9.582128249,      -9.611123203,      -9.958269258,      -9.139144226
          0,           0,         224,      -9.605447295,      -9.634404767,      -9.982176808,      -9.163119726
          0,           0,         225,      -9.628926706,      -9.657845856,      -10.00628616,      -9.187298495
          0,           0,         226,       -9.65256932,      -9.681449158,      -10.03060349,      -9.211686784
          0,           0,         227,      -9.676378043,      -9.705217412,      -10.05513537,       -9.23629124
          0,           0,         228,      -9.700355826,      -9.729153391,      -10.07988878,      -9.261118927
          0,           0,         229,      -9.724505698,      -9.753259903,       -10.1048712,      -9.286177394
          0,           0,         230,      -9.748830755,      -9.777539799,      -10.13009064,      -9.311474725
          0,           0,         231,      -9.773334133,      -9.801995944,      -10.15555563,      -9.337019556
          0,           0,         232,      -9.798018987,      -9.826631198,      -10.18127529,      -9.362821123
          0,           0,         233,      -9.822888433,      -9.851448354,       -10.2072594,      -9.388889269
          0,           0,         234,      -9.847945621,      -9.876450164,       -10.2335185,       -9.41523461
          0,           0,         235,      -9.873193674,      -9.901639329,      -10.26006387,      -9.441868562
          0,           0,         236,      -9.898635629,      -9.927018407,      -10.28690768,      -9.468803384
          0,           0,         237,      -9.924274402,      -9.952589783,      -10.31406302,      -9.496052274
          0,           0,         238,      -9.950112766,      -9.978355627,      -10.34154404,      -9.523629486
          0,           0,         239,      -9.976153282,      -10.00431784,      -10.36936605,      -9.551550418
          0,           0,         240,      -10.00239818,      -10.03047791,      -10.39754556,      -9.579831682
