VARIABLES = \
"Time_Iter","Outer_Iter","Inner_Iter",    "rms[Rho]"    ,    "rms[RhoU]"   ,    "rms[RhoV]"   ,    "rms[RhoE]"   
          0,           0,           0,      -1.656096778,      0.7233519587,      0.8676855273,       3.845935749
          0,           0,           1,      -2.498348713,     -0.0948303957,     0.01500790728,       3.008367034
          0,           0,           2,      -2.692514816,     -0.3487306663,     -0.3166107593,       2.815079687
          0,           0,           3,      -2.765719063,     -0.4818494223,     -0.4113195632,       2.735749071
          0,           0,           4,      -2.798536547,     -0.5864768962,     -0.5377524181,       2.695798613
          0,           0,           5,        -2.8163533,      -0.575227727,     -0.6240026809,       2.676021324
          0,           0,           6,       -2.78443302,     -0.5029135558,     -0.7071072865,        2.71008792
          0,           0,           7,      -2.752272296,     -0.4416502497,     -0.7455707956,        2.74355604
          0,           0,           8,      -2.804389063,     -0.5499154617,     -0.8095613938,       2.690029334
          0,           0,           9,      -2.887058859,      -0.583908903,     -0.8903989866,       2.608219995
          0,           0,          10,      -2.956907249,     -0.6619772321,      -0.962000776,       2.539725048
          0,           0,          11,      -2.987278261,     -0.6999752241,       -0.99850753,       2.510139593
          0,           0,          12,       -3.00935662,     -0.6633346331,      -1.014515476,        2.48718364
          0,           0,          13,      -3.082523744,     -0.6917418603,      -1.059568265,       2.413039832
          0,           0,          14,      -3.217085864,      -0.825942226,      -1.138937843,       2.278914743
          0,           0,          15,      -3.350962412,     -0.9795580788,      -1.211318329,        2.14691776
          0,           0,          16,      -3.407467846,       -1.05245094,      -1.261174012,       2.091759547
          0,           0,          17,      -3.431686415,      -1.068408981,      -1.303959471,       2.067190761
          0,           0,          18,      -3.490406034,      -1.107202207,      -1.350238443,       2.008407839
          0,           0,          19,       -3.57031293,      -1.187875836,       -1.40494544,       1.929329385
          0,           0,          20,      -3.621905795,       -1.25766354,      -1.464557946,       1.877520233
          0,           0,          21,      -3.652149885,      -1.290658323,      -1.521090118,       1.846065041
          0,           0,          22,      -3.700858528,      -1.322807252,      -1.573600194,       1.796639035
          0,           0,          23,      -3.778645388,      -1.377851489,      -1.627318711,       1.718809317
          0,           0,          24,      -3.870101977,      -1.450232933,      -1.686201256,       1.627750392
          0,           0,          25,       -3.94495073,      -1.522923058,      -1.748846257,       1.553117429
          0,           0,          26,      -3.993285133,       -1.58811088,       -1.81259862,       1.504292935
          0,           0,          27,       -4.04107681,      -1.653963902,      -1.875197984,       1.455633034
          0,           0,          28,      -4.111534057,      -1.729062728,       -1.93409114,       1.384362953
          0,           0,          29,      -4.196890307,      -1.800704813,      -1.988080128,       1.298330907
          0,           0,          30,      -4.265615283,      -1.846960309,      -2.039184876,       1.228866466
          0,           0,          31,      -4.307945432,      -1.875246657,       -2.09374463,       1.185579638
          0,           0,          32,      -4.349632926,      -1.909691798,      -2.158464714,       1.142654561
          0,           0,          33,      -4.403287959,      -1.953270821,      -2.232763648,       1.087343328
          0,           0,          34,       -4.45713737,      -1.990734395,      -2.304748311,       1.031462475
          0,           0,          35,      -4.499283821,      -2.014117072,      -2.361552923,      0.9873173584
          0,           0,          36,      -4.537938968,      -2.033884809,      -2.406203906,      0.9466865327
          0,           0,          37,      -4.585480755,      -2.060364188,      -2.452500283,      0.8965808681
          0,           0,          38,      -4.639608299,      -2.092084354,      -2.507069998,      0.8390053813
          0,           0,          39,      -4.686936161,      -2.121338458,      -2.562301677,      0.7879743251
          0,           0,          40,      -4.723814849,      -2.145553497,      -2.606486344,      0.7476583144
          0,           0,          41,      -4.763803748,      -2.169484874,      -2.640171058,      0.7033239669
          0,           0,          42,      -4.818389023,      -2.196753488,      -2.675467868,      0.6414890796
          0,           0,          43,      -4.880521188,      -2.224339848,      -2.721767609,      0.5688369242
          0,           0,          44,      -4.927105446,      -2.246511806,      -2.778802308,       0.513072181
          0,           0,          45,       -4.94815943,      -2.262157062,       -2.83965976,      0.4889008238
          0,           0,          46,      -4.964052383,      -2.276158783,       -2.89846508,      0.4710769276
          0,           0,          47,      -4.996077114,      -2.293057505,      -2.954844701,      0.4314610809
          0,           0,          48,      -5.046831653,      -2.312762816,      -3.011569838,      0.3639777305
          0,           0,          49,      -5.101763912,      -2.331898705,      -3.068307691,      0.2849455002
          0,           0,          50,      -5.142039711,      -2.347732357,      -3.120443486,       0.224065059
          0,           0,          51,      -5.165718023,      -2.360534546,      -3.165289958,      0.1902151331
          0,           0,          52,      -5.186420749,      -2.372296243,      -3.205442807,      0.1610430262
          0,           0,          53,       -5.21226351,      -2.384149419,      -3.244913138,      0.1204974425
          0,           0,          54,      -5.239449296,      -2.395808437,      -3.284346998,     0.07488241698
          0,           0,          55,      -5.260587419,      -2.406662513,      -3.321326838,      0.0410840468
          0,           0,          56,      -5.274602291,      -2.416718928,      -3.354294805,     0.02373549248
          0,           0,          57,       -5.28703798,      -2.426544285,      -3.384575585,     0.00991235443
          0,           0,          58,      -5.302704936,      -2.436609907,      -3.414574892,    -0.01240776575
          0,           0,          59,       -5.32177311,      -2.446967327,      -3.445098165,    -0.04437843304
          0,           0,          60,      -5.341469806,      -2.457418841,      -3.474943553,     -0.0795540754
          0,           0,          61,      -5.359345281,      -2.467788157,      -3.502819676,     -0.1108590031
          0,           0,          62,      -5.374881412,      -2.478027639,      -3.528669778,     -0.1357638892
          0,           0,          63,      -5.388855253,      -2.488168638,       -3.55304571,     -0.1559575057
          0,           0,          64,      -5.402058274,      -2.498244907,      -3.576082486,     -0.1736674878
          0,           0,          65,      -5.414860829,      -2.508274477,      -3.597482955,     -0.1899469816
          0,           0,          66,      -5.427449783,      -2.518274553,      -3.617172304,     -0.2053040797
          0,           0,          67,      -5.439994323,      -2.528259535,      -3.635577886,     -0.2202439611
          0,           0,          68,      -5.452574997,      -2.538226437,       -3.65324572,     -0.2350151413
          0,           0,          69,      -5.465136678,      -2.548153554,      -3.670390134,     -0.2494203086
          0,           0,          70,      -5.477582032,      -2.558014763,      -3.686872563,     -0.2631334576
          0,           0,          71,       -5.48987926,       -2.56779194,      -3.702505192,     -0.2760818756
          0,           0,          72,      -5.502050869,      -2.577474239,      -3.717275325,     -0.2883995745
          0,           0,          73,       -5.51409285,      -2.587050275,      -3.731303026,     -0.3001309785
          0,           0,          74,      -5.525959927,      -2.596505197,      -3.744722432,     -0.3111791593
          0,           0,          75,      -5.537627424,      -2.605825473,      -3.757659798,     -0.3215287112
          0,           0,          76,      -5.549135706,      -2.615004089,      -3.770269113,     -0.3313968842
          0,           0,          77,      -5.560561235,      -2.624040578,      -3.782719124,     -0.3411153886
          0,           0,          78,      -5.571953448,      -2.632937764,      -3.795130786,     -0.3508997234
          0,           0,          79,      -5.583303784,      -2.641699695,       -3.80753356,     -0.3607470273
          0,           0,          80,      -5.594564978,      -2.650332026,      -3.819881384,     -0.3705142688
          0,           0,          81,      -5.605689726,      -2.658843161,      -3.832104768,     -0.3800576739
          0,           0,          82,       -5.61665374,      -2.667244324,      -3.844151846,     -0.3893110175
          0,           0,          83,      -5.627455694,      -2.675548414,      -3.856000278,     -0.3982818059
          0,           0,          84,      -5.638108144,      -2.683768599,      -3.867654831,     -0.4070174999
          0,           0,          85,      -5.648631316,      -2.691917378,      -3.879144669,     -0.4155833523
          0,           0,          86,      -5.659049571,       -2.70000591,      -3.890517732,     -0.4240502896
          0,           0,          87,      -5.669386317,      -2.708043523,      -3.901826865,     -0.4324790688
          0,           0,          88,      -5.679658233,      -2.716037358,      -3.913111128,      -0.440903169
          0,           0,          89,      -5.689872817,      -2.723992376,      -3.924385409,     -0.4493234921
          0,           0,          90,      -5.700030781,      -2.731911748,      -3.935644491,     -0.4577186551
          0,           0,          91,      -5.710130674,       -2.73979737,      -3.946876094,     -0.4660615369
          0,           0,          92,      -5.720172373,      -2.747650301,      -3.958072264,     -0.4743311911
          0,           0,          93,       -5.73015836,      -2.755471044,      -3.969233403,     -0.4825170797
          0,           0,          94,      -5.740093717,      -2.763259742,      -3.980366398,     -0.4906189281
          0,           0,          95,      -5.749985729,      -2.771016349,      -3.991481147,     -0.4986452099
          0,           0,          96,      -5.759843048,      -2.778740736,      -4.002588011,     -0.5066102237
          0,           0,          97,      -5.769674185,      -2.786432734,      -4.013696182,     -0.5145292382
          0,           0,          98,       -5.77948577,      -2.794092101,      -4.024812398,      -0.522413219
          0,           0,          99,      -5.789281467,      -2.801718503,      -4.035940117,     -0.5302657969
          0,           0,         100,      -5.799062061,      -2.809311511,      -4.047079647,     -0.5380838038
          0,           0,         101,      -5.808826462,      -2.816870656,      -4.058229275,     -0.5458604226
          0,           0,         102,      -5.818572952,      -2.824395502,      -4.069386825,     -0.5535888203
          0,           0,         103,      -5.828300133,      -2.831885723,      -4.080550973,     -0.5612646615
          0,           0,         104,      -5.838007348,      -2.839341128,      -4.091721901,      -0.568886977
          0,           0,         105,        -5.8476947,      -2.846761759,      -4.102901263,     -0.5764578313
          0,           0,         106,      -5.857362768,       -2.85414791,       -4.11409161,     -0.5839811454
          0,           0,         107,      -5.867012195,      -2.861500153,      -4.125295562,     -0.5914612942
          0,           0,         108,       -5.87664334,      -2.868819344,      -4.136515012,     -0.5989019208
          0,           0,         109,      -5.886256068,      -2.876106587,      -4.147750651,     -0.6063053019
          0,           0,         110,      -5.895849817,      -2.883363238,      -4.159001967,     -0.6136724718
          0,           0,         111,      -5.905423807,      -2.890590865,      -4.170267614,     -0.6210038169
          0,           0,         112,      -5.914977346,      -2.897791204,      -4.181545979,     -0.6282998435
          0,           0,         113,      -5.924510073,      -2.904966112,      -4.192835701,     -0.6355617827
          0,           0,         114,      -5.934022074,      -2.912117511,      -4.204136014,     -0.6427918245
          0,           0,         115,      -5.943513845,      -2.919247315,      -4.215446869,     -0.6499929811
          0,           0,         116,      -5.952986156,      -2.926357365,      -4.226768852,     -0.6571686821
          0,           0,         117,      -5.962439854,      -2.933449368,      -4.238103003,     -0.6643222636
          0,           0,         118,      -5.971875678,      -2.940524835,      -4.249450579,     -0.6714565101
          0,           0,         119,      -5.981294135,      -2.947585049,      -4.260812885,     -0.6785733954
          0,           0,         120,      -5.990695464,      -2.954631024,      -4.272191177,     -0.6856740296
          0,           0,         121,      -6.000079667,       -2.96166349,      -4.283586672,     -0.6927588044
          0,           0,         122,      -6.009446601,      -2.968682901,      -4.295000607,     -0.6998276343
          0,           0,         123,      -6.018796063,       -2.97568944,      -4.306434313,     -0.7068801933
          0,           0,         124,      -6.028127855,      -2.982683039,      -4.317889253,     -0.7139160685
          0,           0,         125,      -6.037441809,      -2.989663408,       -4.32936701,     -0.7209348209
          0,           0,         126,      -6.046737781,      -2.996630067,      -4.340869233,     -0.7279359605
          0,           0,         127,      -6.056015625,      -3.003582386,      -4.352397545,     -0.7349188789
          0,           0,         128,      -6.065275164,       -3.01051962,      -4.363953455,     -0.7418827845
          0,           0,         129,      -6.074516177,      -3.017440951,      -4.375538286,     -0.7488266775
          0,           0,         130,      -6.083738407,      -3.024345527,      -4.387153144,     -0.7557493835
          0,           0,         131,      -6.092941591,      -3.031232497,      -4.398798921,     -0.7626496329
          0,           0,         132,      -6.102125503,      -3.038101043,      -4.410476321,     -0.7695261631
          0,           0,         133,       -6.11128999,      -3.044950415,      -4.422185904,     -0.7763778166
          0,           0,         134,      -6.120435002,      -3.051779951,      -4.433928125,     -0.7832036099
          0,           0,         135,      -6.129560597,      -3.058589102,      -4.445703352,     -0.7900027678
          0,           0,         136,      -6.138666936,      -3.065377442,      -4.457511878,     -0.7967747232
          0,           0,         137,      -6.147754264,      -3.072144679,      -4.469353913,      -0.803519093
          0,           0,         138,      -6.156822887,      -3.078890661,      -4.481229572,     -0.8102356523
          0,           0,         139,       -6.16587315,      -3.085615375,      -4.493138869,     -0.8169243091
          0,           0,         140,      -6.174905419,       -3.09231895,       -4.50508171,     -0.8235850974
          0,           0,         141,      -6.183920076,      -3.099001647,       -4.51705791,     -0.8302181775
          0,           0,         142,      -6.192917512,      -3.105663857,      -4.529067202,     -0.8368238454
          0,           0,         143,      -6.201898125,      -3.112306089,      -4.541109262,     -0.8434025444
          0,           0,         144,      -6.210862317,      -3.118928965,      -4.553183723,     -0.8499548676
          0,           0,         145,      -6.219810486,      -3.125533208,      -4.565290194,     -0.8564815533
          0,           0,         146,      -6.228743022,       -3.13211963,      -4.577428261,     -0.8629834705
          0,           0,         147,      -6.237660291,      -3.138689122,      -4.589597494,     -0.8694615986
          0,           0,         148,      -6.246562629,       -3.14524264,      -4.601797436,     -0.8759170049
          0,           0,         149,      -6.255450332,      -3.151781199,      -4.614027607,     -0.8823508238
          0,           0,         150,      -6.264323651,      -3.158305853,      -4.626287495,     -0.8887642389
          0,           0,         151,      -6.273182792,      -3.164817693,      -4.638576558,     -0.8951584695
          0,           0,         152,      -6.282027915,      -3.171317828,      -4.650894225,     -0.9015347603
          0,           0,         153,      -6.290859135,      -3.177807379,      -4.663239898,     -0.9078943733
          0,           0,         154,      -6.299676528,      -3.184287468,      -4.675612957,     -0.9142385783
          0,           0,         155,      -6.308480129,       -3.19075921,       -4.68801276,      -0.920568644
          0,           0,         156,      -6.317269935,      -3.197223701,      -4.700438645,     -0.9268858271
          0,           0,         157,      -6.326045905,      -3.203682021,      -4.712889931,     -0.9331913658
          0,           0,         158,       -6.33480796,      -3.210135216,      -4.725365908,     -0.9394864665
          0,           0,         159,      -6.343555974,      -3.216584284,      -4.737865843,     -0.9457722796
          0,           0,         160,      -6.352289782,      -3.223030188,      -4.750388968,     -0.9520499108
          0,           0,         161,      -6.361009182,      -3.229473843,      -4.762934485,     -0.9583204129
          0,           0,         162,      -6.369713931,      -3.235916116,      -4.775501557,     -0.9645847827
          0,           0,         163,      -6.378403746,      -3.242357823,      -4.788089316,     -0.9708439596
          0,           0,         164,      -6.387078306,      -3.248799728,      -4.800696853,     -0.9770988259
          0,           0,         165,      -6.395737252,      -3.255242543,      -4.813323227,     -0.9833502072
          0,           0,         166,      -6.404380187,      -3.261686928,      -4.825967454,     -0.9895988734
          0,           0,         167,      -6.413006675,      -3.268133491,      -4.838628509,     -0.9958455392
          0,           0,         168,      -6.421616244,      -3.274582794,      -4.851305323,      -1.002090867
          0,           0,         169,      -6.430208381,      -3.281035351,      -4.863996776,      -1.008335469
          0,           0,         170,      -6.438782536,      -3.287491633,      -4.876701698,      -1.014579907
          0,           0,         171,      -6.447338125,      -3.293952071,      -4.889418859,      -1.020824703
          0,           0,         172,      -6.455874523,      -3.300417058,      -4.902146973,      -1.027070336
          0,           0,         173,      -6.464391076,      -3.306886957,      -4.914884694,      -1.033317248
          0,           0,         174,      -6.472887093,      -3.313362098,      -4.927630611,      -1.039565853
          0,           0,         175,      -6.481361855,      -3.319842788,       -4.94038325,      -1.045816533
          0,           0,         176,      -6.489814613,       -3.32632931,      -4.953141074,       -1.05206965
          0,           0,         177,       -6.49824459,      -3.332821928,      -4.965902479,      -1.058325545
          0,           0,         178,      -6.506650984,      -3.339320892,      -4.978665794,      -1.064584541
          0,           0,         179,      -6.515032969,      -3.345826438,      -4.991429281,      -1.070846949
          0,           0,         180,      -6.523389698,      -3.352338792,      -5.004191135,      -1.077113066
          0,           0,         181,        -6.5317203,      -3.358858173,      -5.016949485,      -1.083383185
          0,           0,         182,       -6.54002389,      -3.365384794,      -5.029702395,      -1.089657587
          0,           0,         183,      -6.548299562,      -3.371918864,      -5.042447864,      -1.095936554
          0,           0,         184,      -6.556546397,      -3.378460592,      -5.055183832,      -1.102220362
          0,           0,         185,      -6.564763463,      -3.385010184,      -5.067908179,      -1.108509285
          0,           0,         186,      -6.572949813,      -3.391567847,      -5.080618731,        -1.1148036
          0,           0,         187,      -6.581104492,      -3.398133788,      -5.093313261,       -1.12110358
          0,           0,         188,      -6.589226536,      -3.404708217,      -5.105989498,      -1.127409502
          0,           0,         189,      -6.597314971,      -3.411291344,      -5.118645125,      -1.133721643
          0,           0,         190,       -6.60536882,      -3.417883382,      -5.131277787,       -1.14004028
          0,           0,         191,      -6.613387099,      -3.424484544,      -5.143885098,      -1.146365691
          0,           0,         192,      -6.621368823,      -3.431095047,      -5.156464642,      -1.152698155
          0,           0,         193,      -6.629313004,      -3.437715107,      -5.169013981,      -1.159037952
          0,           0,         194,      -6.637218658,      -3.444344941,      -5.181530666,      -1.165385361
          0,           0,         195,      -6.645084801,      -3.450984767,      -5.194012231,       -1.17174066
          0,           0,         196,      -6.652910455,      -3.457634803,      -5.206456215,      -1.178104126
          0,           0,         197,      -6.660694649,      -3.464295265,      -5.218860156,      -1.184476034
          0,           0,         198,      -6.668436424,      -3.470966369,      -5.231221607,      -1.190856656
          0,           0,         199,      -6.676134831,      -3.477648327,      -5.243538139,      -1.197246264
          0,           0,         200,      -6.683788937,      -3.484341352,      -5.255807345,      -1.203645122
          0,           0,         201,      -6.691397825,       -3.49104565,      -5.268026856,      -1.210053493
          0,           0,         202,      -6.698960601,      -3.497761427,      -5.280194338,      -1.216471634
          0,           0,         203,      -6.706476393,      -3.504488882,      -5.292307509,      -1.222899798
          0,           0,         204,      -6.713944355,      -3.511228213,      -5.304364136,       -1.22933823
          0,           0,         205,      -6.721363671,       -3.51797961,      -5.316362054,      -1.235787172
          0,           0,         206,      -6.728733565,      -3.524743272,      -5.328299161,      -1.242246868
          0,           0,         207,      -6.736053322,      -3.531519427,      -5.340173435,      -1.248717591
          0,           0,         208,      -6.743322185,      -3.538308189,      -5.351982939,      -1.255199503
          0,           0,         209,      -6.750539485,      -3.545109729,       -5.36372582,      -1.261692819
          0,           0,         210,      -6.757704596,      -3.551924212,      -5.375400321,      -1.268197747
          0,           0,         211,      -6.764816937,      -3.558751796,      -5.387004776,      -1.274714488
          0,           0,         212,      -6.771875977,      -3.565592635,       -5.39853763,      -1.281243234
          0,           0,         213,      -6.778881233,      -3.572446876,      -5.409997439,      -1.287784173
          0,           0,         214,      -6.785832276,       -3.57931466,      -5.421382875,      -1.294337482
          0,           0,         215,      -6.792728734,      -3.586196122,      -5.432692729,      -1.300903334
          0,           0,         216,      -6.799570286,       -3.59309139,      -5.443925911,      -1.307481892
          0,           0,         217,      -6.806356673,       -3.60000059,      -5.455081464,      -1.314073315
          0,           0,         218,      -6.813087693,      -3.606923839,      -5.466158556,      -1.320677754
          0,           0,         219,      -6.819763205,       -3.61386125,      -5.477156484,      -1.327295353
          0,           0,         220,      -6.826383127,      -3.620812932,      -5.488074679,       -1.33392625
          0,           0,         221,      -6.832947439,      -3.627778988,        -5.4989127,      -1.340570579
          0,           0,         222,      -6.839456183,      -3.634759515,      -5.509670242,      -1.347228464
          0,           0,         223,      -6.845909462,      -3.641754607,       -5.52034713,      -1.353900025
          0,           0,         224,      -6.852307441,      -3.648764353,       -5.53094332,      -1.360585378
          0,           0,         225,      -6.858650345,      -3.655788839,      -5.541458896,      -1.367284632
          0,           0,         226,      -6.864938462,      -3.662828144,      -5.551894071,      -1.373997892
          0,           0,         227,      -6.871172138,      -3.669882347,      -5.562249184,      -1.380725255
          0,           0,         228,      -6.877351778,      -3.676951519,      -5.572524692,      -1.387466817
          0,           0,         229,      -6.883477845,      -3.684035732,      -5.582721174,      -1.394222669
          0,           0,         230,      -6.889550859,      -3.691135052,      -5.592839322,      -1.400992895
          0,           0,         231,       -6.89557139,      -3.698249541,      -5.602879933,      -1.407777577
          0,           0,         232,      -6.901540066,       -3.70537926,      -5.612843914,      -1.414576793
          0,           0,         233,      -6.907457566,      -3.712524272,      -5.622732268,      -1.421390622
          0,           0,         234,       -6.91332463,      -3.719684617,      -5.632546095,      -1.428219123
          0,           0,         235,      -6.919142036,      -3.726860345,      -5.642286622,      -1.435062358
          0,           0,         236,      -6.924910608,      -3.734051504,      -5.651955105,      -1.441920395
          0,           0,         237,      -6.930631195,      -3.741258163,      -5.661552986,      -1.448793295
          0,           0,         238,      -6.936304714,      -3.748480367,      -5.671081475,      -1.455681134
          0,           0,         239,      -6.941932113,      -3.755718154,      -5.680542103,      -1.462583955
          0,           0,         240,      -6.947514377,      -3.762971565,      -5.689936456,      -1.469501807
          0,           0,         241,      -6.953052522,      -3.770240635,      -5.699266159,      -1.476434737
          0,           0,         242,      -6.958547598,      -3.777525402,      -5.708532863,       -1.48338279
          0,           0,         243,      -6.964000682,      -3.784825899,      -5.717738252,       -1.49034601
          0,           0,         244,      -6.969412881,       -3.79214216,      -5.726884035,      -1.497324436
          0,           0,         245,      -6.974785321,      -3.799474217,      -5.735971958,      -1.504318107
          0,           0,         246,      -6.980119155,      -3.806822098,      -5.745003795,      -1.511327059
          0,           0,         247,      -6.985415553,      -3.814185832,      -5.753981332,      -1.518351327
          0,           0,         248,      -6.990675701,      -3.821565447,      -5.762906372,      -1.525390941
          0,           0,         249,      -6.995900801,      -3.828960967,      -5.771780723,      -1.532445933
          0,           0,         250,      -7.001092068,      -3.836372415,        -5.7806062,      -1.539516328
          0,           0,         251,      -7.006250725,      -3.843799814,      -5.789384622,      -1.546602152
          0,           0,         252,      -7.011378005,      -3.851243182,      -5.798117783,      -1.553703429
          0,           0,         253,      -7.016475138,      -3.858702547,      -5.806807513,      -1.560820183
          0,           0,         254,      -7.021543366,      -3.866177928,      -5.815455529,      -1.567952438
          0,           0,         255,      -7.026583932,      -3.873669342,      -5.824063607,      -1.575100213
          0,           0,         256,      -7.031598075,      -3.881176805,      -5.832633502,      -1.582263523
          0,           0,         257,      -7.036587036,      -3.888700332,      -5.841166942,      -1.589442383
          0,           0,         258,      -7.041552046,      -3.896239938,      -5.849665624,       -1.59663681
          0,           0,         259,      -7.046494335,      -3.903795637,      -5.858131209,      -1.603846816
          0,           0,         260,      -7.051415122,      -3.911367441,       -5.86656533,      -1.611072412
          0,           0,         261,      -7.056315619,      -3.918955361,      -5.874969585,      -1.618313611
          0,           0,         262,      -7.061197028,       -3.92655941,      -5.883345534,      -1.625570419
          0,           0,         263,      -7.066060536,      -3.934179597,      -5.891694708,      -1.632842847
          0,           0,         264,       -7.07090732,      -3.941815931,      -5.900018593,      -1.640130901
          0,           0,         265,      -7.075738542,      -3.949468421,      -5.908318647,      -1.647434588
          0,           0,         266,      -7.080555348,      -3.957137076,      -5.916596274,      -1.654753912
          0,           0,         267,      -7.085358868,      -3.964821902,      -5.924852853,      -1.662088878
          0,           0,         268,      -7.090150215,      -3.972522907,      -5.933089712,      -1.669439489
          0,           0,         269,      -7.094930484,      -3.980240095,       -5.94130814,      -1.676805748
          0,           0,         270,      -7.099700752,      -3.987973474,      -5.949509388,      -1.684187655
          0,           0,         271,      -7.104462075,      -3.995723048,      -5.957694656,      -1.691585212
          0,           0,         272,      -7.109215491,      -4.003488821,      -5.965865119,       -1.69899842
          0,           0,         273,      -7.113962015,      -4.011270798,      -5.974021894,      -1.706427276
          0,           0,         274,      -7.118702645,      -4.019068982,      -5.982166069,      -1.713871782
          0,           0,         275,      -7.123438353,      -4.026883377,      -5.990298677,      -1.721331933
          0,           0,         276,      -7.128170093,      -4.034713985,      -5.998420727,      -1.728807728
          0,           0,         277,      -7.132898795,       -4.04256081,      -6.006533181,      -1.736299165
          0,           0,         278,       -7.13762537,      -4.050423853,      -6.014636961,      -1.743806239
          0,           0,         279,      -7.142350704,      -4.058303116,      -6.022732963,      -1.751328948
          0,           0,         280,      -7.147075661,      -4.066198602,      -6.030822027,      -1.758867286
          0,           0,         281,      -7.151801083,      -4.074110311,      -6.038904975,       -1.76642125
          0,           0,         282,      -7.156527792,      -4.082038245,      -6.046982573,      -1.773990833
          0,           0,         283,      -7.161256585,      -4.089982406,      -6.055055569,      -1.781576031
          0,           0,         284,      -7.165988237,      -4.097942793,       -6.06312467,      -1.789176839
          0,           0,         285,      -7.170723502,      -4.105919409,      -6.071190554,      -1.796793249
          0,           0,         286,      -7.175463113,      -4.113912253,      -6.079253861,      -1.804425256
          0,           0,         287,      -7.180207779,      -4.121921327,      -6.087315206,      -1.812072853
          0,           0,         288,       -7.18495819,       -4.12994663,      -6.095375176,      -1.819736034
          0,           0,         289,      -7.189715012,      -4.137988163,      -6.103434318,      -1.827414792
          0,           0,         290,      -7.194478893,      -4.146045927,      -6.111493162,      -1.835109118
          0,           0,         291,      -7.199250459,      -4.154119922,      -6.119552212,      -1.842819008
          0,           0,         292,      -7.204030315,      -4.162210148,      -6.127611938,      -1.850544452
          0,           0,         293,      -7.208819045,      -4.170316605,      -6.135672793,      -1.858285444
          0,           0,         294,      -7.213617218,      -4.178439295,      -6.143735198,      -1.866041976
          0,           0,         295,      -7.218425377,      -4.186578216,       -6.15179956,      -1.873814039
          0,           0,         296,      -7.223244052,       -4.19473337,      -6.159866259,      -1.881601626
          0,           0,         297,       -7.22807375,      -4.202904757,      -6.167935648,       -1.88940473
          0,           0,         298,      -7.232914962,      -4.211092377,      -6.176008071,      -1.897223341
          0,           0,         299,      -7.237768161,      -4.219296231,      -6.184083843,      -1.905057452
          0,           0,         300,      -7.242633801,       -4.22751632,      -6.192163277,      -1.912907056
          0,           0,         301,       -7.24751232,      -4.235752643,      -6.200246651,      -1.920772143
          0,           0,         302,      -7.252404139,      -4.244005202,      -6.208334232,      -1.928652705
          0,           0,         303,      -7.257309663,      -4.252273997,       -6.21642627,      -1.936548735
          0,           0,         304,       -7.26222928,       -4.26055903,      -6.224522998,      -1.944460224
          0,           0,         305,      -7.267163363,      -4.268860302,      -6.232624639,      -1.952387163
          0,           0,         306,      -7.272112272,      -4.277177813,      -6.240731408,      -1.960329546
          0,           0,         307,      -7.277076348,      -4.285511565,      -6.248843497,      -1.968287363
          0,           0,         308,      -7.282055921,       -4.29386156,      -6.256961097,      -1.976260607
          0,           0,         309,      -7.287051305,      -4.302227799,      -6.265084361,      -1.984249269
          0,           0,         310,      -7.292062802,      -4.310610283,      -6.273213465,      -1.992253341
          0,           0,         311,        -7.2970907,      -4.319009015,      -6.281348552,      -2.000272814
          0,           0,         312,      -7.302135273,      -4.327423996,      -6.289489766,      -2.008307683
          0,           0,         313,      -7.307196786,       -4.33585523,      -6.297637239,      -2.016357937
          0,           0,         314,      -7.312275487,      -4.344302717,      -6.305791096,      -2.024423569
          0,           0,         315,      -7.317371617,      -4.352766462,      -6.313951449,      -2.032504572
          0,           0,         316,      -7.322485402,      -4.361246466,      -6.322118405,      -2.040600938
          0,           0,         317,      -7.327617059,      -4.369742732,       -6.33029206,      -2.048712658
          0,           0,         318,      -7.332766794,      -4.378255264,      -6.338472504,      -2.056839726
          0,           0,         319,      -7.337934802,      -4.386784064,      -6.346659831,      -2.064982133
          0,           0,         320,      -7.343121269,      -4.395329137,       -6.35485413,      -2.073139872
          0,           0,         321,       -7.34832637,      -4.403890486,      -6.363055474,      -2.081312937
          0,           0,         322,      -7.353550272,      -4.412468115,      -6.371263919,      -2.089501318
          0,           0,         323,      -7.358793132,      -4.421062027,       -6.37947954,      -2.097705011
          0,           0,         324,      -7.364055098,      -4.429672229,      -6.387702403,      -2.105924006
          0,           0,         325,      -7.369336311,      -4.438298723,      -6.395932567,      -2.114158297
          0,           0,         326,      -7.374636902,      -4.446941515,      -6.404170082,      -2.122407878
          0,           0,         327,      -7.379956996,      -4.455600609,      -6.412414989,       -2.13067274
          0,           0,         328,      -7.385296709,      -4.464276011,      -6.420667345,      -2.138952877
          0,           0,         329,       -7.39065615,      -4.472967726,      -6.428927199,      -2.147248283
          0,           0,         330,      -7.396035421,       -4.48167576,      -6.437194577,      -2.155558951
          0,           0,         331,      -7.401434617,       -4.49040012,       -6.44546955,      -2.163884875
          0,           0,         332,      -7.406853827,       -4.49914081,      -6.453752143,       -2.17222605
          0,           0,         333,      -7.412293132,      -4.507897837,      -6.462042388,      -2.180582467
          0,           0,         334,       -7.41775261,      -4.516671209,      -6.470340315,      -2.188954121
          0,           0,         335,       -7.42323233,      -4.525460931,      -6.478645965,      -2.197341005
          0,           0,         336,      -7.428732356,      -4.534267011,      -6.486959375,      -2.205743116
          0,           0,         337,      -7.434252749,      -4.543089456,       -6.49528056,      -2.214160444
          0,           0,         338,      -7.439793561,      -4.551928273,      -6.503609558,      -2.222592986
          0,           0,         339,      -7.445354843,      -4.560783471,      -6.511946406,      -2.231040735
          0,           0,         340,      -7.450936638,      -4.569655057,      -6.520291135,      -2.239503687
          0,           0,         341,      -7.456538984,      -4.578543039,      -6.528643765,      -2.247981836
          0,           0,         342,      -7.462161919,      -4.587447427,      -6.537004308,      -2.256475176
          0,           0,         343,      -7.467805471,      -4.596368228,      -6.545372816,      -2.264983701
          0,           0,         344,      -7.473469669,       -4.60530545,      -6.553749284,      -2.273507405
          0,           0,         345,      -7.479154535,      -4.614259104,      -6.562133772,      -2.282046286
          0,           0,         346,      -7.484860087,      -4.623229199,      -6.570526287,      -2.290600337
          0,           0,         347,       -7.49058634,      -4.632215745,      -6.578926886,      -2.299169555
          0,           0,         348,      -7.496333306,      -4.641218752,       -6.58733557,      -2.307753934
          0,           0,         349,      -7.502100993,      -4.650238229,      -6.595752386,       -2.31635347
          0,           0,         350,      -7.507889407,      -4.659274189,      -6.604177332,      -2.324968157
          0,           0,         351,       -7.51369855,       -4.66832664,       -6.61261047,      -2.333597993
          0,           0,         352,       -7.51952842,      -4.677395596,      -6.621051809,      -2.342242972
          0,           0,         353,      -7.525379016,      -4.686481066,      -6.629501393,      -2.350903092
          0,           0,         354,      -7.531250329,      -4.695583062,      -6.637959241,      -2.359578346
          0,           0,         355,      -7.537142353,      -4.704701596,      -6.646425368,      -2.368268731
          0,           0,         356,      -7.543055074,      -4.713836679,      -6.654899843,      -2.376974244
          0,           0,         357,      -7.548988479,      -4.722988323,      -6.663382647,      -2.385694879
          0,           0,         358,      -7.554942553,      -4.732156541,      -6.671873852,      -2.394430634
          0,           0,         359,      -7.560917278,      -4.741341346,      -6.680373475,      -2.403181504
          0,           0,         360,      -7.566912634,       -4.75054275,       -6.68888157,      -2.411947487
          0,           0,         361,      -7.572928598,      -4.759760766,      -6.697398161,      -2.420728579
          0,           0,         362,      -7.578965149,      -4.768995407,      -6.705923262,      -2.429524774
          0,           0,         363,      -7.585022259,      -4.778246688,      -6.714456917,      -2.438336072
          0,           0,         364,      -7.591099902,      -4.787514622,      -6.722999196,      -2.447162469
          0,           0,         365,       -7.59719805,      -4.796799223,      -6.731550094,       -2.45600396
          0,           0,         366,      -7.603316671,      -4.806100505,      -6.740109674,      -2.464860543
          0,           0,         367,      -7.609455735,      -4.815418483,      -6.748677939,      -2.473732215
          0,           0,         368,      -7.615615208,      -4.824753173,      -6.757254981,      -2.482618974
          0,           0,         369,      -7.621795056,      -4.834104588,      -6.765840808,      -2.491520817
          0,           0,         370,      -7.627995244,      -4.843472744,      -6.774435464,      -2.500437741
          0,           0,         371,      -7.634215735,      -4.852857657,      -6.783038973,      -2.509369741
          0,           0,         372,      -7.640456491,      -4.862259343,      -6.791651399,      -2.518316817
          0,           0,         373,      -7.646717474,      -4.871677817,      -6.800272747,      -2.527278963
          0,           0,         374,      -7.652998644,      -4.881113097,      -6.808903128,      -2.536256183
          0,           0,         375,      -7.659299961,      -4.890565198,      -6.817542517,      -2.545248469
          0,           0,         376,      -7.665621382,      -4.900034138,      -6.826190998,      -2.554255822
          0,           0,         377,      -7.671962866,      -4.909519933,      -6.834848575,      -2.563278237
          0,           0,         378,       -7.67832437,      -4.919022601,      -6.843515332,      -2.572315712
          0,           0,         379,       -7.68470585,       -4.92854216,      -6.852191315,      -2.581368248
          0,           0,         380,      -7.691107261,      -4.938078627,       -6.86087653,      -2.590435841
          0,           0,         381,       -7.69752856,      -4.947632021,      -6.869571042,      -2.599518487
          0,           0,         382,      -7.703969699,       -4.95720236,      -6.878274955,      -2.608616191
          0,           0,         383,      -7.710430633,      -4.966789662,      -6.886988226,      -2.617728943
          0,           0,         384,      -7.716911316,      -4.976393947,      -6.895710927,      -2.626856746
          0,           0,         385,      -7.723411701,      -4.986015234,      -6.904443141,      -2.635999597
          0,           0,         386,       -7.72993174,      -4.995653542,      -6.913184887,      -2.645157493
          0,           0,         387,      -7.736471385,       -5.00530889,      -6.921936197,      -2.654330435
          0,           0,         388,      -7.743030588,        -5.0149813,       -6.93069709,      -2.663518417
          0,           0,         389,      -7.749609299,      -5.024670791,      -6.939467737,      -2.672721448
          0,           0,         390,      -7.756207473,      -5.034377383,      -6.948248056,      -2.681939514
          0,           0,         391,      -7.762825058,      -5.044101098,      -6.957038189,      -2.691172625
          0,           0,         392,      -7.769462005,      -5.053841956,      -6.965838123,      -2.700420771
          0,           0,         393,      -7.776118266,      -5.063599979,      -6.974647891,      -2.709683954
          0,           0,         394,      -7.782793791,      -5.073375187,      -6.983467561,       -2.71896217
          0,           0,         395,      -7.789488529,      -5.083167605,      -6.992297221,      -2.728255426
          0,           0,         396,      -7.796202432,      -5.092977253,      -7.001136907,      -2.737563713
          0,           0,         397,      -7.802935447,      -5.102804154,      -7.009986638,      -2.746887036
          0,           0,         398,      -7.809687528,       -5.11264833,      -7.018846445,      -2.756225388
          0,           0,         399,       -7.81645862,      -5.122509806,       -7.02771649,      -2.765578777
          0,           0,         400,      -7.823248679,      -5.132388602,      -7.036596701,      -2.774947191
          0,           0,         401,      -7.830057649,      -5.142284745,      -7.045487227,      -2.784330643
          0,           0,         402,      -7.836885483,      -5.152198257,      -7.054388026,      -2.793729119
          0,           0,         403,      -7.843732131,      -5.162129162,      -7.063299154,      -2.803142623
          0,           0,         404,      -7.850597539,      -5.172077485,      -7.072220704,      -2.812571159
          0,           0,         405,      -7.857481661,      -5.182043252,      -7.081152643,      -2.822014721
          0,           0,         406,      -7.864384447,      -5.192026486,      -7.090095128,      -2.831473312
          0,           0,         407,      -7.871305845,      -5.202027213,      -7.099048132,      -2.840946931
          0,           0,         408,      -7.878245806,      -5.212045459,      -7.108011716,      -2.850435575
          0,           0,         409,      -7.885204281,       -5.22208125,       -7.11698595,      -2.859939246
          0,           0,         410,      -7.892181219,      -5.232134612,      -7.125970879,      -2.869457947
          0,           0,         411,      -7.899176571,      -5.242205572,      -7.134966517,      -2.878991673
          0,           0,         412,      -7.906190289,      -5.252294156,      -7.143972867,      -2.888540424
          0,           0,         413,      -7.913222321,      -5.262400392,      -7.152990059,      -2.898104201
          0,           0,         414,       -7.92027262,      -5.272524308,      -7.162018138,      -2.907683007
          0,           0,         415,      -7.927341137,      -5.282665931,      -7.171057159,      -2.917276844
          0,           0,         416,      -7.934427824,      -5.292825289,       -7.18010709,      -2.926885701
          0,           0,         417,      -7.941532631,      -5.303002411,      -7.189168022,      -2.936509589
          0,           0,         418,      -7.948655511,      -5.313197326,      -7.198239944,      -2.946148501
          0,           0,         419,      -7.955796416,      -5.323410062,      -7.207322971,      -2.955802441
          0,           0,         420,      -7.962955297,       -5.33364065,       -7.21641712,      -2.965471411
          0,           0,         421,      -7.970132108,      -5.343889119,      -7.225522424,       -2.97515541
          0,           0,         422,        -7.9773268,      -5.354155499,      -7.234639006,      -2.984854435
          0,           0,         423,      -7.984539327,      -5.364439821,      -7.243766821,      -2.994568492
          0,           0,         424,      -7.991769642,      -5.374742116,      -7.252905919,      -3.004297577
          0,           0,         425,      -7.999017699,      -5.385062414,      -7.262056296,      -3.014041692
          0,           0,         426,      -8.006283451,      -5.395400747,      -7.271218057,      -3.023800836
          0,           0,         427,      -8.013566851,      -5.405757148,       -7.28039119,      -3.033575014
          0,           0,         428,      -8.020867856,      -5.416131648,      -7.289575767,      -3.043364219
          0,           0,         429,      -8.028186418,       -5.42652428,      -7.298771857,      -3.053168458
          0,           0,         430,      -8.035522492,      -5.436935077,      -7.307979533,      -3.062987735
          0,           0,         431,      -8.042876037,      -5.447364072,      -7.317198677,      -3.072822042
          0,           0,         432,      -8.050247004,      -5.457811299,       -7.32642944,      -3.082671385
          0,           0,         433,      -8.057635347,      -5.468276793,      -7.335671898,      -3.092535768
          0,           0,         434,      -8.065041027,      -5.478760586,      -7.344925854,      -3.102415177
          0,           0,         435,      -8.072463999,      -5.489262714,       -7.35419167,       -3.11230963
          0,           0,         436,      -8.079904219,      -5.499783213,       -7.36346921,      -3.122219121
          0,           0,         437,      -8.087361644,      -5.510322118,       -7.37275841,      -3.132143652
          0,           0,         438,      -8.094836229,      -5.520879465,      -7.382059483,       -3.14208322
          0,           0,         439,      -8.102327935,      -5.531455289,      -7.391372439,      -3.152037831
          0,           0,         440,      -8.109836718,      -5.542049629,      -7.400697127,      -3.162007483
          0,           0,         441,      -8.117362538,       -5.55266252,      -7.410033783,      -3.171992178
          0,           0,         442,      -8.124905351,      -5.563294002,      -7.419382438,      -3.181991923
          0,           0,         443,      -8.132465119,       -5.57394411,      -7.428742992,      -3.192006711
          0,           0,         444,      -8.140041797,      -5.584612885,      -7.438115536,      -3.202036548
          0,           0,         445,      -8.147635352,      -5.595300362,      -7.447500084,      -3.212081419
          0,           0,         446,      -8.155245734,      -5.606006584,      -7.456896772,       -3.22214135
          0,           0,         447,      -8.162872911,      -5.616731589,      -7.466305336,      -3.232216324
          0,           0,         448,      -8.170516838,      -5.627475418,      -7.475726078,      -3.242306358
          0,           0,         449,      -8.178177481,      -5.638238109,      -7.485159057,      -3.252411438
          0,           0,         450,      -8.185854798,      -5.649019705,      -7.494604164,      -3.262531582
          0,           0,         451,      -8.193548751,      -5.659820246,      -7.504061433,      -3.272666776
          0,           0,         452,      -8.201259306,      -5.670639773,       -7.51353073,      -3.282817003
          0,           0,         453,      -8.208986416,      -5.681478332,      -7.523012516,      -3.292982313
          0,           0,         454,      -8.216730049,      -5.692335964,      -7.532506467,      -3.303162684
          0,           0,         455,      -8.224490171,      -5.703212709,       -7.54201267,      -3.313358106
          0,           0,         456,      -8.232266741,      -5.714108613,      -7.551531143,      -3.323568597
          0,           0,         457,      -8.240059727,      -5.725023718,      -7.561061918,      -3.333794136
          0,           0,         458,      -8.247869087,      -5.735958071,      -7.570605049,      -3.344034744
          0,           0,         459,       -8.25569479,      -5.746911715,      -7.580160397,       -3.35429041
          0,           0,         460,      -8.263536799,      -5.757884696,      -7.589728086,      -3.364561142
          0,           0,         461,      -8.271395079,       -5.76887706,      -7.599308348,      -3.374846948
          0,           0,         462,      -8.279269596,      -5.779888854,      -7.608901065,      -3.385147831
          0,           0,         463,      -8.287160315,      -5.790920123,      -7.618506332,      -3.395463785
          0,           0,         464,      -8.295067203,      -5.801970916,       -7.62812394,      -3.405794808
          0,           0,         465,      -8.302990226,      -5.813041278,      -7.637753853,      -3.416140889
          0,           0,         466,      -8.310929346,      -5.824131263,      -7.647396549,      -3.426502064
          0,           0,         467,      -8.318884539,      -5.835240913,      -7.657051484,      -3.436878297
          0,           0,         468,      -8.326855769,       -5.84637028,       -7.66671892,      -3.447269606
          0,           0,         469,      -8.334843002,      -5.857519415,      -7.676399062,      -3.457676004
          0,           0,         470,      -8.342846207,      -5.868688366,      -7.686091732,      -3.468097482
          0,           0,         471,      -8.350865351,      -5.879877187,       -7.69579692,      -3.478534041
          0,           0,         472,      -8.358900408,      -5.891085924,      -7.705514744,      -3.488985667
          0,           0,         473,      -8.366951341,      -5.902314635,      -7.715245019,      -3.499452378
          0,           0,         474,      -8.375018121,      -5.913563371,       -7.72498792,      -3.509934185
          0,           0,         475,      -8.383100724,       -5.92483218,      -7.734743297,      -3.520431055
          0,           0,         476,      -8.391199112,       -5.93612112,       -7.74451147,      -3.530943017
          0,           0,         477,      -8.399313257,      -5.947430248,      -7.754292193,       -3.54147008
          0,           0,         478,      -8.407443134,      -5.958759612,      -7.764085547,      -3.552012222
          0,           0,         479,      -8.415588718,      -5.970109267,      -7.773891432,      -3.562569429
          0,           0,         480,      -8.423749969,      -5.981479276,      -7.783710187,      -3.573141768
          0,           0,         481,      -8.431926866,      -5.992869689,      -7.793541634,      -3.583729183
          0,           0,         482,       -8.44011938,      -6.004280567,      -7.803385956,      -3.594331693
          0,           0,         483,      -8.448327481,      -6.015711966,      -7.813242722,      -3.604949295
          0,           0,         484,      -8.456551148,      -6.027163943,      -7.823112338,      -3.615581986
          0,           0,         485,      -8.464790354,      -6.038636554,      -7.832994249,      -3.626229747
          0,           0,         486,      -8.473045065,      -6.050129865,      -7.842889202,      -3.636892629
          0,           0,         487,       -8.48131526,      -6.061643934,      -7.852796889,      -3.647570611
          0,           0,         488,      -8.489600915,      -6.073178817,      -7.862716938,      -3.658263665
          0,           0,         489,      -8.497902002,      -6.084734579,       -7.87264982,      -3.668971821
          0,           0,         490,      -8.506218498,      -6.096311281,      -7.882595447,       -3.67969507
          0,           0,         491,      -8.514550371,       -6.10790899,      -7.892554137,       -3.69043344
          0,           0,         492,      -8.522897608,      -6.119527762,      -7.902525181,        -3.7011869
          0,           0,         493,      -8.531260178,      -6.131167665,      -7.912509418,       -3.71195546
          0,           0,         494,       -8.53963806,       -6.14282876,      -7.922506114,      -3.722739099
          0,           0,         495,      -8.548031231,      -6.154511113,      -7.932515328,      -3.733537826
          0,           0,         496,      -8.556439664,      -6.166214795,      -7.942537405,      -3.744351689
          0,           0,         497,      -8.564863339,      -6.177939866,      -7.952572367,      -3.755180631
          0,           0,         498,      -8.573302236,      -6.189686395,      -7.962619795,      -3.766024668
          0,           0,         499,      -8.581756328,      -6.201454452,      -7.972680261,      -3.776883804
          0,           0,         500,      -8.590225595,      -6.213244107,      -7.982753403,      -3.787758049
          0,           0,         501,      -8.598710013,      -6.225055425,      -7.992839163,      -3.798647378
          0,           0,         502,      -8.607209571,      -6.236888473,      -8.002937208,       -3.80955178
          0,           0,         503,      -8.615724235,      -6.248743335,      -8.013048382,      -3.820471326
          0,           0,         504,      -8.624253997,      -6.260620065,      -8.023172728,       -3.83140593
          0,           0,         505,      -8.632798827,       -6.27251875,      -8.033309271,      -3.842355658
          0,           0,         506,      -8.641358712,      -6.284439453,      -8.043458684,       -3.85332047
          0,           0,         507,      -8.649933631,      -6.296382251,      -8.053620798,      -3.864300362
          0,           0,         508,      -8.658523559,      -6.308347222,      -8.063795919,      -3.875295359
          0,           0,         509,      -8.667128489,      -6.320334435,      -8.073983402,      -3.886305418
          0,           0,         510,      -8.675748384,      -6.332343977,      -8.084183943,       -3.89733062
          0,           0,         511,      -8.684383245,      -6.344375911,      -8.094397075,      -3.908370883
          0,           0,         512,      -8.693033043,      -6.356430324,      -8.104622736,      -3.919426227
          0,           0,         513,      -8.701697761,      -6.368507294,      -8.114860974,      -3.930496648
          0,           0,         514,      -8.710377388,      -6.380606894,      -8.125111867,      -3.941582146
          0,           0,         515,        -8.7190719,      -6.392729211,      -8.135375305,      -3.952682744
          0,           0,         516,      -8.727781283,      -6.404874322,      -8.145652096,      -3.963798419
          0,           0,         517,      -8.736505524,      -6.417042313,      -8.155941316,      -3.974929184
          0,           0,         518,      -8.745244606,       -6.42923326,      -8.166243394,      -3.986075022
          0,           0,         519,      -8.753998508,      -6.441447253,      -8.176558279,       -3.99723594
          0,           0,         520,      -8.762767223,      -6.453684367,      -8.186885332,      -4.008411873
          0,           0,         521,      -8.771550717,       -6.46594471,      -8.197225425,      -4.019602948
          0,           0,         522,      -8.780348997,      -6.478228346,       -8.20757773,      -4.030809041
          0,           0,         523,      -8.789162041,      -6.490535368,      -8.217942817,      -4.042030193
          0,           0,         524,      -8.797989832,      -6.502865867,      -8.228320665,      -4.053266421
          0,           0,         525,      -8.806832366,      -6.515219921,      -8.238710807,      -4.064517644
          0,           0,         526,      -8.815689611,       -6.52759764,      -8.249114032,      -4.075783992
          0,           0,         527,      -8.824561557,      -6.539999116,      -8.259529671,      -4.087065419
          0,           0,         528,      -8.833448218,      -6.552424405,      -8.269957246,      -4.098361754
          0,           0,         529,      -8.842349551,      -6.564873636,      -8.280398519,      -4.109673216
          0,           0,         530,      -8.851265553,      -6.577346894,      -8.290851758,      -4.120999729
          0,           0,         531,      -8.860196215,      -6.589844268,      -8.301317843,      -4.132341223
          0,           0,         532,      -8.869141526,      -6.602365853,      -8.311796012,      -4.143697729
          0,           0,         533,      -8.878101463,      -6.614911758,      -8.322287302,      -4.155069316
          0,           0,         534,      -8.887076031,      -6.627482065,      -8.332790682,      -4.166455876
          0,           0,         535,      -8.896065194,      -6.640076899,      -8.343306917,      -4.177857523
          0,           0,         536,      -8.905068982,      -6.652696314,      -8.353835084,      -4.189273991
          0,           0,         537,      -8.914087352,      -6.665340452,      -8.364374961,      -4.200705519
          0,           0,         538,      -8.923120297,      -6.678009408,      -8.374928936,      -4.212152104
          0,           0,         539,      -8.932167814,      -6.690703277,      -8.385494745,      -4.223613633
          0,           0,         540,      -8.941229899,      -6.703422168,      -8.396072813,      -4.235090148
          0,           0,         541,      -8.950306534,       -6.71616618,      -8.406663769,      -4.246581628
          0,           0,         542,      -8.959397705,      -6.728935429,       -8.41726721,      -4.258088102
          0,           0,         543,      -8.968503414,      -6.741730024,      -8.427882343,      -4.269609523
          0,           0,         544,      -8.977623648,      -6.754550061,      -8.438511202,      -4.281145853
          0,           0,         545,      -8.986758413,      -6.767395649,      -8.449150112,      -4.292697043
          0,           0,         546,       -8.99590767,      -6.780266914,      -8.459802665,      -4.304263242
          0,           0,         547,      -9.005071426,      -6.793163979,      -8.470468742,       -4.31584445
          0,           0,         548,      -9.014249695,      -6.806086922,      -8.481145343,      -4.327440479
          0,           0,         549,       -9.02344244,      -6.819035892,      -8.491836014,      -4.339051491
          0,           0,         550,      -9.032649676,      -6.832010983,      -8.502538072,      -4.350677343
          0,           0,         551,      -9.041871381,      -6.845012315,      -8.513252397,      -4.362318036
          0,           0,         552,      -9.051107556,      -6.858040019,      -8.523979685,      -4.373973661
          0,           0,         553,      -9.060358192,      -6.871094218,      -8.534718087,      -4.385644189
          0,           0,         554,      -9.069623279,      -6.884175007,      -8.545470585,      -4.397329497
          0,           0,         555,      -9.078902834,      -6.897282522,      -8.556233426,        -4.4090296
          0,           0,         556,      -9.088196834,      -6.910416869,      -8.567007557,      -4.420744437
          0,           0,         557,      -9.097505255,      -6.923578242,      -8.577795237,      -4.432474281
          0,           0,         558,      -9.106828151,      -6.936766667,      -8.588594054,      -4.444218716
          0,           0,         559,      -9.116165444,      -6.949982364,      -8.599406177,      -4.455978159
          0,           0,         560,      -9.125517195,       -6.96322539,      -8.610229853,      -4.467752244
          0,           0,         561,      -9.134883367,       -6.97649592,      -8.621065707,      -4.479541165
          0,           0,         562,      -9.144263945,      -6.989794083,         -8.631916,      -4.491344952
          0,           0,         563,      -9.153658948,      -7.003120001,      -8.642776582,      -4.503163418
          0,           0,         564,       -9.16306838,      -7.016473793,      -8.653649973,      -4.514996494
          0,           0,         565,      -9.172492225,      -7.029855615,      -8.664534577,      -4.526844269
          0,           0,         566,      -9.181930464,      -7.043265622,      -8.675432321,      -4.538706798
          0,           0,         567,      -9.191383123,      -7.056703921,      -8.686340855,      -4.550583962
          0,           0,         568,       -9.20085021,       -7.07017062,      -8.697260392,      -4.562475603
          0,           0,         569,      -9.210331687,      -7.083665949,      -8.708193148,      -4.574382098
          0,           0,         570,      -9.219827576,      -7.097189993,      -8.719137714,      -4.586303095
          0,           0,         571,       -9.22933785,      -7.110742937,      -8.730093381,      -4.598238742
          0,           0,         572,       -9.23886255,      -7.124324856,      -8.741061333,      -4.610188815
          0,           0,         573,       -9.24840163,      -7.137935997,      -8.752041852,       -4.62215375
          0,           0,         574,      -9.257955142,      -7.151576406,      -8.763035019,      -4.634133078
          0,           0,         575,      -9.267523048,       -7.16524631,      -8.774040798,      -4.646127019
          0,           0,         576,      -9.277105353,      -7.178945822,       -8.78505444,      -4.658135284
          0,           0,         577,      -9.286702097,      -7.192675076,      -8.796081431,      -4.670157873
          0,           0,         578,      -9.296313215,      -7.206434295,       -8.80712082,      -4.682195148
          0,           0,         579,      -9.305938739,       -7.22022361,      -8.818174409,      -4.694246928
          0,           0,         580,      -9.315578701,      -7.234043125,      -8.829235353,      -4.706312843
          0,           0,         581,      -9.325233027,      -7.247893118,      -8.840310876,      -4.718393441
          0,           0,         582,      -9.334901775,      -7.261773648,      -8.851398385,      -4.730488239
          0,           0,         583,      -9.344584968,      -7.275684891,      -8.862494555,      -4.742597247
          0,           0,         584,      -9.354282582,      -7.289626987,      -8.873602179,      -4.754720437
          0,           0,         585,      -9.363994589,      -7.303600216,      -8.884724045,      -4.766858377
          0,           0,         586,      -9.373721046,      -7.317604627,      -8.895857838,       -4.77901031
          0,           0,         587,      -9.383461908,      -7.331640487,      -8.907004411,      -4.791176667
          0,           0,         588,      -9.393217195,      -7.345707924,      -8.918161812,      -4.803357097
          0,           0,         589,      -9.402986942,      -7.359807073,      -8.929329825,        -4.8155515
          0,           0,         590,       -9.41277113,      -7.373938118,      -8.940507399,       -4.82776009
          0,           0,         591,      -9.422569774,      -7.388101246,       -8.95170005,      -4.839982867
          0,           0,         592,      -9.432382847,      -7.402296684,      -8.962903402,       -4.85221979
          0,           0,         593,      -9.442210405,      -7.416524486,      -8.974114204,      -4.864470283
          0,           0,         594,      -9.452052363,      -7.430785027,      -8.985341244,      -4.876735302
          0,           0,         595,      -9.461908847,      -7.445078292,      -8.996577903,      -4.889013856
          0,           0,         596,      -9.471779774,      -7.459404605,      -9.007828312,      -4.901306564
          0,           0,         597,      -9.481665202,      -7.473764046,      -9.019083761,      -4.913612806
          0,           0,         598,      -9.491565081,      -7.488156895,      -9.030353181,       -4.92593314
          0,           0,         599,      -9.501479443,      -7.502583379,      -9.041636882,      -4.938267764
          0,           0,         600,      -9.511408378,      -7.517043426,      -9.052931048,      -4.950615414
          0,           0,         601,      -9.521351744,       -7.53153752,      -9.064233015,      -4.962977363
          0,           0,         602,      -9.531309629,      -7.546065766,      -9.075549582,      -4.975352917
          0,           0,         603,      -9.541282109,      -7.560628146,      -9.086872858,      -4.987741343
          0,           0,         604,       -9.55126905,      -7.575225209,      -9.098216506,      -5.000144317
          0,           0,         605,       -9.56127055,      -7.589856935,      -9.109565832,      -5.012560625
          0,           0,         606,       -9.57128661,      -7.604523556,      -9.120928233,      -5.024990423
          0,           0,         607,       -9.58131721,      -7.619225311,       -9.13230476,        -5.0374337
          0,           0,         608,      -9.591362382,      -7.633962389,      -9.143686895,      -5.049890284
          0,           0,         609,      -9.601422159,      -7.648734839,      -9.155079703,      -5.062359753
          0,           0,         610,      -9.611496525,      -7.663542969,       -9.16647584,      -5.074842443
          0,           0,         611,      -9.621585462,      -7.678387113,      -9.177891825,      -5.087338728
          0,           0,         612,      -9.631689054,      -7.693267221,      -9.189312171,      -5.099847778
          0,           0,         613,      -9.641807153,      -7.708183933,      -9.200754428,      -5.112371273
          0,           0,         614,      -9.651939987,      -7.723136843,      -9.212204196,      -5.124906993
          0,           0,         615,      -9.662087401,      -7.738126604,       -9.22366459,      -5.137456128
          0,           0,         616,      -9.672249477,      -7.753153298,      -9.235133644,      -5.150018103
          0,           0,         617,      -9.682426201,      -7.768217205,       -9.24661904,      -5.162593235
          0,           0,         618,      -9.692617655,      -7.783318341,      -9.258109314,      -5.175181037
          0,           0,         619,      -9.702823764,      -7.798457036,      -9.269613203,      -5.187781499
          0,           0,         620,      -9.713044589,      -7.813633477,      -9.281128504,      -5.200394751
          0,           0,         621,      -9.723280116,      -7.828847871,      -9.292653116,      -5.213020631
          0,           0,         622,      -9.733530369,      -7.844100399,      -9.304190334,      -5.225658975
          0,           0,         623,      -9.743795447,      -7.859391049,      -9.315725386,      -5.238309021
          0,           0,         624,       -9.75407521,      -7.874720529,      -9.327284294,      -5.250972763
          0,           0,         625,      -9.764369854,       -7.89008847,      -9.338845176,      -5.263647897
          0,           0,         626,      -9.774679112,      -7.905495775,      -9.350424921,      -5.276336843
          0,           0,         627,       -9.78500337,      -7.920941833,      -9.362001696,      -5.289035966
          0,           0,         628,      -9.795342237,      -7.936427583,      -9.373607516,      -5.301749319
          0,           0,         629,      -9.805696052,      -7.951952791,      -9.385217098,      -5.314474109
          0,           0,         630,      -9.816064668,      -7.967517727,      -9.396840742,      -5.327210762
          0,           0,         631,      -9.826448212,      -7.983122437,      -9.408462944,       -5.33995889
          0,           0,         632,      -9.836846649,      -7.998767373,      -9.420099713,      -5.352719131
          0,           0,         633,      -9.847259849,      -8.014452753,      -9.431766262,      -5.365492123
          0,           0,         634,      -9.857688154,      -8.030178194,      -9.443410699,      -5.378274781
          0,           0,         635,      -9.868131338,      -8.045944497,      -9.455079307,      -5.391069925
          0,           0,         636,      -9.878589515,      -8.061751419,      -9.466759841,      -5.403875808
          0,           0,         637,      -9.889062462,      -8.077599817,      -9.478454272,      -5.416695302
          0,           0,         638,      -9.899550538,       -8.09348916,      -9.490159273,      -5.429524929
          0,           0,         639,       -9.91005371,      -8.109419476,      -9.501864648,      -5.442364805
          0,           0,         640,      -9.920571895,       -8.12539134,      -9.513590279,      -5.455216531
          0,           0,         641,      -9.931105074,      -8.141404892,      -9.525326105,      -5.468079356
          0,           0,         642,      -9.941653255,      -8.157460315,      -9.537057453,      -5.480953231
          0,           0,         643,      -9.952216523,      -8.173557471,      -9.548822413,      -5.493838179
          0,           0,         644,      -9.962795064,      -8.189696239,      -9.560568898,       -5.50673216
          0,           0,         645,      -9.973388611,      -8.205877476,      -9.572347778,      -5.519638324
          0,           0,         646,      -9.983997399,       -8.22210043,      -9.584124732,      -5.532554315
          0,           0,         647,      -9.994621284,      -8.238365745,      -9.595916418,      -5.545480885
          0,           0,         648,      -10.00526042,      -8.254673332,      -9.607704665,      -5.558416998
