VARIABLES = \
"Time_Iter","Outer_Iter","Inner_Iter",    "rms[Rho]"    ,    "rms[RhoU]"   ,    "rms[RhoV]"   ,    "rms[RhoE]"   
          0,           0,           0,      -4.080362358,      -4.259821235,       -4.08930726,      -3.647192793
          0,           0,           1,      -4.974554705,       -5.09898786,      -4.942300442,      -4.529740808
          0,           0,           2,      -5.138248674,      -5.335666425,      -5.258605474,      -4.690821446
          0,           0,           3,       -5.25141847,      -5.441836843,      -5.365361414,      -4.805834784
          0,           0,           4,      -5.364833492,      -5.563203966,      -5.523899314,      -4.924024727
          0,           0,           5,      -5.460046865,      -5.644011379,      -5.613523436,      -5.025780919
          0,           0,           6,      -5.560481261,      -5.730862854,      -5.683066831,      -5.127142547
          0,           0,           7,      -5.646499466,      -5.810391335,      -5.770061939,      -5.209976518
          0,           0,           8,      -5.715098316,      -5.871730872,      -5.847377258,      -5.277667285
          0,           0,           9,      -5.773333803,      -5.926929835,      -5.919722659,      -5.337916272
          0,           0,          10,      -5.827303829,      -5.984537162,      -5.988140555,      -5.394234104
          0,           0,          11,      -5.878782737,      -6.044645006,      -6.052554872,      -5.447217613
          0,           0,          12,      -5.926706798,      -6.102661372,      -6.112308523,      -5.495461994
          0,           0,          13,      -5.972080986,      -6.156791781,       -6.16700907,      -5.540221118
          0,           0,          14,       -6.01601588,      -6.209262664,       -6.21800551,      -5.583405308
          0,           0,          15,      -6.058282378,      -6.260520582,      -6.265923564,      -5.625457599
          0,           0,          16,      -6.097466591,      -6.308616925,      -6.310752981,        -5.6650166
          0,           0,          17,      -6.132554621,      -6.353050992,       -6.35410632,      -5.700653485
          0,           0,          18,      -6.165074807,      -6.395876715,      -6.397159048,      -5.733503328
          0,           0,          19,      -6.197323382,      -6.438788838,      -6.438993284,      -5.765785843
          0,           0,          20,      -6.230071016,      -6.481444027,        -6.4783462,      -5.798441482
          0,           0,          21,       -6.26338906,       -6.52250555,      -6.515572095,      -5.831728154
          0,           0,          22,      -6.297285616,      -6.561187212,      -6.551384783,      -5.865719987
          0,           0,          23,      -6.331173094,      -6.596854298,      -6.586650255,      -5.899778764
          0,           0,          24,      -6.364852995,      -6.631002503,      -6.622405579,      -5.933626171
          0,           0,          25,      -6.398648637,      -6.665823127,      -6.659382304,      -5.967556054
          0,           0,          26,      -6.432799023,      -6.701772331,      -6.697422198,         -6.001817
          0,           0,          27,      -6.467460732,       -6.73802961,      -6.736260144,      -6.036583244
          0,           0,          28,      -6.502685576,      -6.774292981,      -6.775523761,      -6.071926685
          0,           0,          29,      -6.538379631,      -6.810583908,      -6.815095957,      -6.107757308
          0,           0,          30,      -6.574555397,      -6.846499146,      -6.854774188,      -6.144092946
          0,           0,          31,      -6.611237713,      -6.881928172,      -6.894600286,      -6.180963349
          0,           0,          32,      -6.648714672,      -6.916986471,      -6.934301844,      -6.218675469
          0,           0,          33,      -6.686957768,      -6.952203755,      -6.973964021,      -6.257198661
          0,           0,          34,      -6.725961662,      -6.987056174,      -7.013073226,      -6.296514441
          0,           0,          35,      -6.765632132,       -7.02198286,      -7.052269203,      -6.336524011
          0,           0,          36,      -6.805749749,       -7.05693802,      -7.091864118,      -6.377003027
          0,           0,          37,      -6.846086952,      -7.091205815,      -7.131910432,      -6.417724949
          0,           0,          38,       -6.88616042,      -7.124699559,      -7.172601163,      -6.458216997
          0,           0,          39,       -6.92573453,       -7.15699367,       -7.21361487,      -6.498249653
          0,           0,          40,      -6.964802463,       -7.18793166,      -7.254643645,      -6.537813079
          0,           0,          41,       -7.00345727,      -7.217742162,      -7.295841262,      -6.577002244
          0,           0,          42,      -7.041784249,      -7.246719837,      -7.336976812,      -6.615912241
          0,           0,          43,      -7.079871483,      -7.274834168,      -7.377833844,      -6.654633205
          0,           0,          44,      -7.117732872,      -7.302066898,       -7.41813556,      -6.693178064
          0,           0,          45,      -7.155106396,      -7.328488178,      -7.457730725,      -6.731276219
          0,           0,          46,      -7.191755769,      -7.354149385,      -7.496588598,         -6.768673
          0,           0,          47,      -7.227749762,      -7.379044428,      -7.534515696,      -6.805439645
          0,           0,          48,      -7.263247621,      -7.403299348,      -7.571847602,      -6.841744145
          0,           0,          49,      -7.298398364,      -7.426959635,      -7.608744531,      -6.877741431
          0,           0,          50,      -7.333321085,      -7.450049407,      -7.645446221,      -6.913566834
          0,           0,          51,      -7.368176734,      -7.472623106,      -7.682156997,      -6.949394677
          0,           0,          52,      -7.402968383,      -7.494735634,      -7.718748323,       -6.98523194
          0,           0,          53,      -7.437677159,      -7.516395712,      -7.755098962,      -7.021064642
          0,           0,          54,      -7.472295425,      -7.537693455,      -7.791448151,      -7.056883152
          0,           0,          55,      -7.506824349,      -7.558629795,       -7.82790418,      -7.092689404
          0,           0,          56,      -7.541265104,      -7.579223078,      -7.864644451,      -7.128492628
          0,           0,          57,      -7.575834731,      -7.599505451,      -7.901597872,       -7.16453006
          0,           0,          58,      -7.610665473,      -7.619468169,      -7.938665961,      -7.200963878
          0,           0,          59,      -7.645714694,      -7.639129727,      -7.975820898,      -7.237760513
          0,           0,          60,      -7.680787158,      -7.658468119,      -8.012582503,      -7.274717038
          0,           0,          61,      -7.715804127,      -7.677480526,      -8.048541292,      -7.311748304
          0,           0,          62,       -7.75086886,      -7.696220766,       -8.08362596,      -7.348990559
          0,           0,          63,      -7.785831615,       -7.71467843,       -8.11782135,      -7.386276151
          0,           0,          64,       -7.82077235,      -7.732896146,      -8.151362381,      -7.423703636
          0,           0,          65,      -7.855567341,       -7.75093908,      -8.184853267,       -7.46113661
          0,           0,          66,      -7.890077698,      -7.768744786,      -8.218122197,      -7.498404907
          0,           0,          67,       -7.92421804,      -7.786297678,      -8.251155584,      -7.535406905
          0,           0,          68,      -7.957847936,      -7.803591131,      -8.283708874,      -7.571959824
          0,           0,          69,      -7.990730185,      -7.820613533,      -8.315605303,       -7.60774496
          0,           0,          70,      -8.022555721,      -7.837368042,      -8.346573809,      -7.642343332
          0,           0,          71,      -8.053065036,      -7.853821859,      -8.376277136,       -7.67537912
          0,           0,          72,      -8.082109043,       -7.86997316,      -8.404416172,       -7.70660748
          0,           0,          73,      -8.109589948,      -7.885827985,      -8.430772636,      -7.735841731
          0,           0,          74,      -8.135519728,      -7.901394432,      -8.455202279,      -7.763044225
          0,           0,          75,      -8.159949766,      -7.916694465,      -8.477743314,      -7.788247831
          0,           0,          76,      -8.182996316,      -7.931741185,      -8.498621413,      -7.811575139
          0,           0,          77,      -8.204870902,      -7.946555336,      -8.518036684,      -7.833302653
          0,           0,          78,      -8.225819055,      -7.961156508,      -8.536304504,      -7.853762448
          0,           0,          79,      -8.246086601,      -7.975561224,      -8.553765096,      -7.873291556
          0,           0,          80,      -8.265892832,      -7.989784326,      -8.570736522,      -7.892193422
          0,           0,          81,       -8.28542226,      -8.003833834,      -8.587512424,      -7.910717153
          0,           0,          82,      -8.304830468,      -8.017718216,      -8.604303098,      -7.929073872
          0,           0,          83,      -8.324247712,      -8.031442273,      -8.621284065,      -7.947434704
          0,           0,          84,      -8.343776128,      -8.045010622,       -8.63856978,      -7.965934318
          0,           0,          85,      -8.363492922,       -8.05842562,      -8.656237773,      -7.984670248
          0,           0,          86,      -8.383450093,      -8.071687837,      -8.674336951,      -8.003705386
          0,           0,          87,      -8.403680736,      -8.084796943,      -8.692896033,      -8.023077272
          0,           0,          88,      -8.424202879,      -8.097751668,      -8.711931338,      -8.042802493
          0,           0,          89,      -8.445022124,      -8.110552097,      -8.731446323,      -8.062883996
          0,           0,          90,      -8.466135832,      -8.123197974,      -8.751444132,      -8.083314276
          0,           0,          91,      -8.487533754,      -8.135688072,      -8.771923803,      -8.104073898
          0,           0,          92,      -8.509197071,      -8.148021542,      -8.792880936,       -8.12513264
          0,           0,          93,      -8.531099107,      -8.160197901,      -8.814310136,      -8.146450788
          0,           0,          94,      -8.553206402,      -8.172216781,      -8.836204408,      -8.167980108
          0,           0,          95,      -8.575478984,      -8.184077921,      -8.858554174,       -8.18966411
          0,           0,          96,      -8.597870451,      -8.195781217,      -8.881346653,      -8.211438185
          0,           0,          97,      -8.620328229,      -8.207326793,        -8.9045652,       -8.23322995
          0,           0,          98,      -8.642794052,      -8.218715093,      -8.928188842,      -8.254959974
          0,           0,          99,       -8.66520493,      -8.229946953,      -8.952191836,      -8.276543231
          0,           0,         100,       -8.68749331,       -8.24102365,      -8.976544399,      -8.297889616
          0,           0,         101,      -8.709588962,      -8.251946934,      -9.001212144,      -8.318906863
          0,           0,         102,      -8.731420718,      -8.262719073,      -9.026156004,      -8.339503212
          0,           0,         103,      -8.752918251,      -8.273342864,      -9.051333111,      -8.359590256
          0,           0,         104,      -8.774014277,      -8.283821677,       -9.07669744,      -8.379086245
          0,           0,         105,      -8.794646767,      -8.294159458,      -9.102200509,      -8.397919362
          0,           0,         106,       -8.81476105,       -8.30436072,      -9.127792226,      -8.416030665
          0,           0,         107,      -8.834311678,      -8.314430512,      -9.153421821,      -8.433376451
          0,           0,         108,       -8.85326392,      -8.324374377,      -9.179038854,      -8.449929859
          0,           0,         109,      -8.871594805,      -8.334198306,      -9.204594313,      -8.465681604
          0,           0,         110,      -8.889293639,      -8.343908689,      -9.230041777,      -8.480639768
          0,           0,         111,      -8.906361959,      -8.353512259,      -9.255338633,      -8.494828674
          0,           0,         112,      -8.922812889,      -8.363016031,      -9.280447277,      -8.508286954
          0,           0,         113,      -8.938669996,      -8.372427245,      -9.305336256,       -8.52106501
          0,           0,         114,       -8.95396571,      -8.381753299,      -9.329981264,       -8.53322212
          0,           0,         115,      -8.968739479,      -8.391001687,      -9.354365949,      -8.544823433
          0,           0,         116,      -8.983035785,      -8.400179946,      -9.378482456,      -8.555937081
          0,           0,         117,      -8.996902155,        -8.4092956,      -9.402331662,      -8.566631573
          0,           0,         118,       -9.01038729,      -8.418356103,      -9.425923088,      -8.576973589
          0,           0,         119,      -9.023539388,      -8.427368802,      -9.449274481,      -8.587026228
          0,           0,         120,      -9.036404719,      -8.436340888,      -9.472411105,      -8.596847719
          0,           0,         121,      -9.049026483,      -8.445279361,      -9.495364798,       -8.60649057
          0,           0,         122,      -9.061443965,      -8.454190995,      -9.518172857,       -8.61600109
          0,           0,         123,      -9.073691978,      -8.463082306,      -9.540876806,      -8.625419224
          0,           0,         124,      -9.085800558,      -8.471959523,      -9.563521099,       -8.63477864
          0,           0,         125,      -9.097794859,      -8.480828585,      -9.586151799,      -8.644107018
          0,           0,         126,      -9.109695218,      -8.489695124,      -9.608815335,      -8.653426487
          0,           0,         127,       -9.12151735,      -8.498564473,      -9.631557369,      -8.662754143
          0,           0,         128,      -9.133272656,      -8.507441665,        -9.6544218,      -8.672102631
          0,           0,         129,      -9.144968624,      -8.516331427,      -9.677449927,      -8.681480703
          0,           0,         130,      -9.156609274,      -8.525238195,       -9.70067973,      -8.690893826
          0,           0,         131,      -9.168195635,      -8.534166125,      -9.724145295,      -8.700344738
          0,           0,         132,      -9.179726254,      -8.543119097,      -9.747876335,      -8.709833979
          0,           0,         133,      -9.191197688,      -8.552100726,      -9.771897797,      -8.719360389
          0,           0,         134,      -9.202605003,       -8.56111438,      -9.796229537,      -8.728921562
          0,           0,         135,      -9.213942238,      -8.570163187,      -9.820886044,      -8.738514249
          0,           0,         136,      -9.225202848,      -8.579250052,      -9.845876189,      -8.748134718
          0,           0,         137,      -9.236380107,      -8.588377672,      -9.871203001,       -8.75777906
          0,           0,         138,      -9.247467467,      -8.597548545,       -9.89686344,      -8.767443458
          0,           0,         139,      -9.258458877,       -8.60676499,      -9.922848184,      -8.777124394
          0,           0,         140,       -9.26934904,      -8.616029156,      -9.949141407,      -8.786818825
          0,           0,         141,      -9.280133629,      -8.625343032,      -9.975720554,      -8.796524305
          0,           0,         142,       -9.29080945,      -8.634708464,      -10.00255615,       -8.80623907
          0,           0,         143,      -9.301374545,       -8.64412716,      -10.02961162,      -8.815962091
          0,           0,         144,      -9.311828252,      -8.653600703,      -10.05684323,      -8.825693091
          0,           0,         145,      -9.322171218,      -8.663130557,      -10.08420008,      -8.835432531
          0,           0,         146,      -9.332405363,      -8.672718077,      -10.11162425,       -8.84518158
          0,           0,         147,      -9.342533819,      -8.682364517,      -10.13905123,      -8.854942061
          0,           0,         148,      -9.352560829,      -8.692071034,      -10.16641052,      -8.864716377
          0,           0,         149,      -9.362491627,      -8.701838694,      -10.19362663,       -8.87450744
          0,           0,         150,        -9.3723323,       -8.71166848,      -10.22062031,      -8.884318578
          0,           0,         151,      -9.382089634,      -8.721561296,      -10.24731026,      -8.894153452
          0,           0,         152,      -9.391770962,      -8.731517967,       -10.2736151,      -8.904015959
          0,           0,         153,      -9.401384005,      -8.741539249,      -10.29945562,      -8.913910147
          0,           0,         154,      -9.410936728,       -8.75162583,      -10.32475736,      -8.923840133
          0,           0,         155,        -9.4204372,      -8.761778332,      -10.34945314,      -8.933810019
          0,           0,         156,      -9.429893471,      -8.771997313,      -10.37348557,      -8.943823831
          0,           0,         157,      -9.439313453,      -8.782283276,      -10.39680917,      -8.953885452
          0,           0,         158,      -9.448704831,      -8.792636663,       -10.4193921,      -8.963998576
          0,           0,         159,      -9.458074978,      -8.803057865,      -10.44121715,      -8.974166665
          0,           0,         160,      -9.467430891,      -8.813547221,      -10.46228204,      -8.984392918
          0,           0,         161,      -9.476779146,      -8.824105022,       -10.4825989,      -8.994680245
          0,           0,         162,      -9.486125861,       -8.83473151,      -10.50219309,      -9.005031254
          0,           0,         163,      -9.495476644,       -8.84542691,      -10.52110038,      -9.015448286
          0,           0,         164,      -9.504836673,      -8.856191373,      -10.53936651,        -9.0259333
          0,           0,         165,      -9.514210721,      -8.867024981,      -10.55704487,      -9.036487867
          0,           0,         166,       -9.52360302,      -8.877927801,      -10.57419186,      -9.047113327
          0,           0,         167,      -9.533017352,      -8.888899866,      -10.59086501,      -9.057810735
          0,           0,         168,      -9.542457067,      -8.899941177,      -10.60712099,       -9.06858088
          0,           0,         169,      -9.551925115,      -8.911051703,      -10.62301389,      -9.079424305
          0,           0,         170,      -9.561424082,      -8.922231381,       -10.6385938,      -9.090341326
          0,           0,         171,      -9.570956232,      -8.933480121,      -10.65390593,      -9.101332056
          0,           0,         172,       -9.58052354,      -8.944797808,      -10.66898983,      -9.112396423
          0,           0,         173,      -9.590127726,       -8.95618429,      -10.68387862,       -9.12353419
          0,           0,         174,      -9.599770288,        -8.9676394,      -10.69859947,      -9.134744989
          0,           0,         175,       -9.60945254,      -8.979162947,      -10.71317361,      -9.146028343
          0,           0,         176,      -9.619175627,      -8.990754725,       -10.7276167,      -9.157383691
          0,           0,         177,      -9.628940564,      -9.002414505,      -10.74193939,      -9.168810401
          0,           0,         178,      -9.638748262,      -9.014142043,       -10.7561478,      -9.180307794
          0,           0,         179,      -9.648599545,      -9.025937079,      -10.77024424,      -9.191875152
          0,           0,         180,      -9.658495172,      -9.037799337,      -10.78422787,      -9.203511743
          0,           0,         181,      -9.668435854,      -9.049728531,      -10.79809543,      -9.215216829
          0,           0,         182,      -9.678422266,      -9.061724361,      -10.81184191,      -9.226989679
          0,           0,         183,      -9.688455059,      -9.073786517,      -10.82546126,      -9.238829579
          0,           0,         184,       -9.69853487,      -9.085914679,      -10.83894701,      -9.250735841
          0,           0,         185,      -9.708662329,      -9.098108519,      -10.85229282,      -9.262707803
          0,           0,         186,       -9.71883806,      -9.110367703,        -10.865493,      -9.274744842
          0,           0,         187,       -9.72906269,      -9.122691888,       -10.8785429,      -9.286846369
          0,           0,         188,      -9.739336845,      -9.135080725,      -10.89143929,      -9.299011833
          0,           0,         189,      -9.749661154,      -9.147533861,      -10.90418055,      -9.311240726
          0,           0,         190,      -9.760036245,      -9.160050938,      -10.91676687,      -9.323532572
          0,           0,         191,      -9.770462745,      -9.172631595,      -10.92920029,      -9.335886937
          0,           0,         192,      -9.780941276,      -9.185275464,      -10.94148471,      -9.348303417
          0,           0,         193,      -9.791472455,      -9.197982178,      -10.95362583,      -9.360781642
          0,           0,         194,      -9.802056887,      -9.210751366,      -10.96563096,      -9.373321268
          0,           0,         195,      -9.812695164,      -9.223582655,      -10.97750888,      -9.385921976
          0,           0,         196,      -9.823387861,       -9.23647567,      -10.98926962,      -9.398583469
          0,           0,         197,       -9.83413554,      -9.249430032,      -11.00092417,      -9.411305459
          0,           0,         198,      -9.844938733,      -9.262445361,      -11.01248424,      -9.424087677
          0,           0,         199,      -9.855797952,      -9.275521276,      -11.02396202,       -9.43692986
          0,           0,         200,      -9.866713679,      -9.288657397,      -11.03536997,      -9.449831754
          0,           0,         201,       -9.87768637,      -9.301853344,      -11.04672087,      -9.462793109
          0,           0,         202,      -9.888716462,      -9.315108724,      -11.05802663,      -9.475813654
          0,           0,         203,      -9.899804337,      -9.328423158,      -11.06929905,      -9.488893134
          0,           0,         204,      -9.910950356,      -9.341796263,      -11.08054914,      -9.502031288
          0,           0,         205,      -9.922154849,      -9.355227653,      -11.09178735,      -9.515227846
          0,           0,         206,      -9.933418115,      -9.368716942,      -11.10302343,       -9.52848253
          0,           0,         207,      -9.944740429,      -9.382263745,      -11.11426631,      -9.541795046
          0,           0,         208,       -9.95612203,      -9.395867673,      -11.12552403,       -9.55516509
          0,           0,         209,      -9.967563135,      -9.409528338,       -11.1368037,      -9.568592346
          0,           0,         210,      -9.979063928,      -9.423245351,       -11.1481115,      -9.582076484
          0,           0,         211,      -9.990624573,      -9.437018321,       -11.1594527,      -9.595617164
          0,           0,         212,      -10.00224521,      -9.450846859,      -11.17083175,      -9.609214036
