VARIABLES = \
"Time_Iter","Outer_Iter","Inner_Iter",    "rms[Rho]"    ,    "rms[RhoU]"   ,    "rms[RhoV]"   ,    "rms[RhoE]"   
          0,           0,           0,      -1.880031589,      0.4992765139,      0.6439972504,       3.622000938
          0,           0,           1,       -2.75604395,      -0.331201509,     -0.1997658727,       2.758337685
          0,           0,           2,      -2.922088424,     -0.5845746001,     -0.5301510419,       2.587730965
          0,           0,           3,      -2.994746547,     -0.6757465858,     -0.5910509615,       2.513750049
          0,           0,           4,      -3.027316518,     -0.7296612108,     -0.6952309813,       2.471550009
          0,           0,           5,      -3.010804083,     -0.6926903087,     -0.7504918538,       2.484122309
          0,           0,           6,      -2.978862739,     -0.6126958609,     -0.8092964656,       2.516249796
          0,           0,           7,      -2.898332346,     -0.4755348821,     -0.8353604955,       2.596334978
          0,           0,           8,      -2.966431905,     -0.5451605685,     -0.9098379091,       2.529413399
          0,           0,           9,      -3.044754643,     -0.6098919068,      -1.019210956,       2.450989799
          0,           0,          10,      -3.113979492,     -0.7292494288,      -1.084445285,       2.380783883
          0,           0,          11,      -3.178354594,     -0.8480972278,      -1.130248769,       2.317148006
          0,           0,          12,      -3.253780698,     -0.9436177009,      -1.193951513,       2.242398358
          0,           0,          13,      -3.349499661,      -1.036052188,       -1.25889077,        2.14816552
          0,           0,          14,      -3.438605669,      -1.117723787,      -1.313180234,       2.061298054
          0,           0,          15,      -3.507300612,      -1.176124099,      -1.376459282,       1.993472311
          0,           0,          16,      -3.570217501,      -1.226976695,      -1.439162825,       1.930144264
          0,           0,          17,      -3.640357301,       -1.29147632,      -1.492791342,        1.85957582
          0,           0,          18,      -3.709035211,      -1.356253428,      -1.541292107,        1.79050157
          0,           0,          19,      -3.770809586,      -1.411057862,      -1.589831554,       1.728171782
          0,           0,          20,      -3.830811095,       -1.46506178,      -1.638551682,       1.667919706
          0,           0,          21,      -3.891498707,      -1.524662725,       -1.68501366,       1.607426446
          0,           0,          22,       -3.95227196,      -1.587965478,      -1.732464541,       1.546952521
          0,           0,          23,      -4.014312207,      -1.650107298,      -1.784848521,       1.485010908
          0,           0,          24,      -4.079319719,      -1.706609404,      -1.841317412,        1.41983516
          0,           0,          25,      -4.144309707,       -1.75472986,      -1.898269564,       1.354477259
          0,           0,          26,      -4.203633429,      -1.795886362,      -1.954747542,       1.294697832
          0,           0,          27,      -4.255558132,      -1.836078559,      -2.010831079,       1.242306681
          0,           0,          28,      -4.304056753,       -1.88086314,      -2.065275099,       1.193281016
          0,           0,          29,      -4.352922632,       -1.92824483,      -2.117414581,       1.143717185
          0,           0,          30,      -4.403316788,      -1.972346467,      -2.169185304,       1.092415308
          0,           0,          31,      -4.456031999,      -2.012539813,      -2.222910558,       1.038622455
          0,           0,          32,      -4.511434535,       -2.05314621,       -2.27907289,      0.9819880915
          0,           0,          33,      -4.569468757,      -2.097526813,       -2.33670175,      0.9224570226
          0,           0,          34,       -4.62895696,      -2.143706731,      -2.394706006,      0.8610614701
          0,           0,          35,      -4.687801212,      -2.186073904,       -2.45239266,      0.7998902145
          0,           0,          36,      -4.742830576,      -2.221378411,      -2.509311709,      0.7423160961
          0,           0,          37,      -4.791988076,      -2.251015138,      -2.565163723,       0.690640362
          0,           0,          38,      -4.836578592,      -2.278289685,      -2.619973724,      0.6435269098
          0,           0,          39,      -4.880322932,      -2.305407463,      -2.674042697,      0.5968648745
          0,           0,          40,       -4.92622676,      -2.332881958,      -2.727087971,       0.547196828
          0,           0,          41,      -4.974412385,      -2.360330284,      -2.777608898,      0.4942277212
          0,           0,          42,      -5.022866645,       -2.38682368,      -2.823973052,      0.4402041534
          0,           0,          43,       -5.06981735,      -2.411436273,      -2.866545922,      0.3872690218
          0,           0,          44,      -5.115501369,      -2.434024299,      -2.908231686,      0.3351882613
          0,           0,          45,      -5.161005194,      -2.455208689,      -2.952350879,       0.282449476
          0,           0,          46,      -5.205939855,       -2.47548302,      -3.000799274,       0.229205732
          0,           0,          47,      -5.248483555,      -2.494667063,      -3.053308963,      0.1776606161
          0,           0,          48,      -5.287468197,      -2.512289224,      -3.108036084,      0.1296240858
          0,           0,          49,      -5.323384556,      -2.528301474,        -3.1625215,     0.08481093927
          0,           0,          50,      -5.357005512,      -2.543122988,      -3.214069722,     0.04236328004
          0,           0,          51,      -5.388065642,      -2.557178485,       -3.26016883,    0.002899915668
          0,           0,          52,      -5.415892911,      -2.570591967,      -3.299418277,    -0.03215030288
          0,           0,          53,      -5.441046533,      -2.583371795,      -3.332392031,    -0.06324928032
          0,           0,          54,      -5.465542422,      -2.595665377,      -3.361118655,    -0.09352988189
          0,           0,          55,      -5.491305861,      -2.607807859,       -3.38764259,     -0.1264105997
          0,           0,          56,      -5.518685265,      -2.620090304,       -3.41294872,      -0.162904996
          0,           0,          57,      -5.546399558,       -2.63256407,       -3.43714541,     -0.2010726349
          0,           0,          58,       -5.57266248,       -2.64509091,      -3.460320611,      -0.237526003
          0,           0,          59,      -5.596382706,       -2.65746928,      -3.482942478,     -0.2696624064
          0,           0,          60,      -5.617612004,      -2.669558192,      -3.505566404,     -0.2970602923
          0,           0,          61,       -5.63710075,      -2.681319467,      -3.528371991,     -0.3209955001
          0,           0,          62,      -5.655583578,      -2.692776941,      -3.550931344,     -0.3429358449
          0,           0,          63,      -5.673395753,      -2.703973284,      -3.572494942,     -0.3635531626
          0,           0,          64,      -5.690513112,      -2.714936573,      -3.592460902,     -0.3827091817
          0,           0,          65,       -5.70679985,      -2.725675448,      -3.610699291,     -0.4000019567
          0,           0,          66,      -5.722230826,      -2.736185867,      -3.627539885,     -0.4153107701
          0,           0,          67,      -5.736981754,      -2.746464932,      -3.643525614,     -0.4290279991
          0,           0,          68,      -5.751371822,      -2.756518352,      -3.659153139,     -0.4419146485
          0,           0,          69,       -5.76573646,      -2.766361803,      -3.674742066,     -0.4547743118
          0,           0,          70,      -5.780300152,      -2.776014731,       -3.69041909,     -0.4681452218
          0,           0,          71,      -5.795103869,      -2.785494619,      -3.706165398,      -0.482134532
          0,           0,          72,      -5.810012519,      -2.794810878,      -3.721876978,     -0.4964398061
          0,           0,          73,      -5.824797379,      -2.803962437,      -3.737423614,     -0.5105373024
          0,           0,          74,      -5.839247747,       -2.81294115,      -3.752712632,     -0.5239383738
          0,           0,          75,      -5.853252085,      -2.821737922,      -3.767736491,     -0.5363816159
          0,           0,          76,      -5.866814918,       -2.83034846,      -3.782567708,     -0.5478741563
          0,           0,          77,      -5.880017826,      -2.838774724,      -3.797324753,     -0.5585990121
          0,           0,          78,      -5.892961464,       -2.84702376,      -3.812112744,     -0.5687780998
          0,           0,          79,      -5.905724894,         -2.855105,      -3.826997675,     -0.5785796233
          0,           0,          80,      -5.918351257,      -2.863028344,      -3.841997024,     -0.5880901309
          0,           0,          81,      -5.930853315,      -2.870803366,      -3.857089935,     -0.5973322184
          0,           0,          82,      -5.943226235,      -2.878439288,      -3.872235537,     -0.6062962326
          0,           0,          83,      -5.955459571,      -2.885945267,      -3.887390787,     -0.6149668491
          0,           0,          84,      -5.967545834,      -2.893330723,      -3.902523626,     -0.6233393737
          0,           0,          85,      -5.979485528,       -2.90060555,      -3.917618741,     -0.6314272518
          0,           0,          86,      -5.991289124,      -2.907780185,      -3.932676738,     -0.6392629866
          0,           0,          87,      -6.002976179,      -2.914865441,      -3.947709879,     -0.6468939165
          0,           0,          88,      -6.014571868,      -2.921872201,      -3.962737605,     -0.6543741089
          0,           0,          89,      -6.026101883,      -2.928811078,      -3.977783171,     -0.6617543887
          0,           0,          90,      -6.037587257,      -2.935692096,      -3.992870924,     -0.6690734913
          0,           0,          91,      -6.049040901,      -2.942524405,      -4.008023556,     -0.6763532006
          0,           0,          92,      -6.060466933,      -2.949316087,      -4.023259641,     -0.6835988421
          0,           0,          93,      -6.071862546,      -2.956073886,      -4.038589701,     -0.6908039321
          0,           0,          94,      -6.083221587,      -2.962803487,      -4.054017504,     -0.6979569741
          0,           0,          95,      -6.094537496,      -2.969509547,      -4.069540591,     -0.7050468155
          0,           0,          96,      -6.105805405,      -2.976195955,      -4.085152289,     -0.7120658919
          0,           0,          97,      -6.117022916,      -2.982866057,      -4.100843911,     -0.7190111268
          0,           0,          98,      -6.128190002,      -2.989522827,       -4.11660679,     -0.7258833831
          0,           0,          99,      -6.139308549,      -2.996168969,      -4.132433773,     -0.7326864278
          0,           0,         100,      -6.150381907,      -3.002806984,       -4.14832008,     -0.7394260211
          0,           0,         101,      -6.161414593,      -3.009439207,      -4.164263575,     -0.7461093297
          0,           0,         102,      -6.172412119,       -3.01606782,      -4.180264543,     -0.7527445822
          0,           0,         103,      -6.183380861,      -3.022694905,      -4.196325112,     -0.7593408224
          0,           0,         104,      -6.194327798,      -3.029322465,      -4.212448569,     -0.7659075031
          0,           0,         105,      -6.205260124,       -3.03595246,       -4.22863846,     -0.7724539607
          0,           0,         106,      -6.216184695,      -3.042586759,      -4.244898101,     -0.7789886187
          0,           0,         107,      -6.227107562,      -3.049227182,      -4.261229969,     -0.7855185334
          0,           0,         108,      -6.238033632,      -3.055875502,      -4.277635386,     -0.7920490672
          0,           0,         109,      -6.248966552,      -3.062533434,      -4.294114562,     -0.7985838871
          0,           0,         110,       -6.25990888,      -3.069202627,      -4.310667009,     -0.8051253176
          0,           0,         111,      -6.270862417,      -3.075884673,      -4.327291821,     -0.8116748502
          0,           0,         112,       -6.28182856,      -3.082581102,      -4.343987907,     -0.8182336373
          0,           0,         113,      -6.292808601,      -3.089293402,      -4.360754199,     -0.8248028621
          0,           0,         114,      -6.303803868,      -3.096023015,      -4.377589739,     -0.8313838847
          0,           0,         115,      -6.314815652,      -3.102771309,      -4.394493731,     -0.8379781413
          0,           0,         116,      -6.325845168,      -3.109539615,      -4.411465507,     -0.8445870749
          0,           0,         117,      -6.336893376,      -3.116329194,      -4.428504443,     -0.8512119235
          0,           0,         118,      -6.347960888,      -3.123141223,      -4.445609845,     -0.8578536148
          0,           0,         119,      -6.359047967,       -3.12997678,      -4.462780841,     -0.8645127711
          0,           0,         120,        -6.3701546,      -3.136836831,      -4.480016261,     -0.8711897842
          0,           0,         121,      -6.381280623,       -3.14372223,      -4.497314533,     -0.8778849352
          0,           0,         122,      -6.392425844,      -3.150633716,      -4.514673607,     -0.8845985114
          0,           0,         123,      -6.403590144,      -3.157571923,      -4.532090927,     -0.8913308854
          0,           0,         124,      -6.414773524,      -3.164537385,      -4.549563362,     -0.8980825438
          0,           0,         125,      -6.425976108,      -3.171530549,      -4.567087299,     -0.9048540727
          0,           0,         126,      -6.437198088,      -3.178551779,      -4.584658685,     -0.9116461041
          0,           0,         127,      -6.448439697,       -3.18560138,      -4.602273124,     -0.9184592874
          0,           0,         128,       -6.45970116,      -3.192679598,      -4.619925955,     -0.9252942412
          0,           0,         129,      -6.470982682,      -3.199786636,       -4.63761242,      -0.932151549
          0,           0,         130,      -6.482284443,      -3.206922652,      -4.655327618,     -0.9390317611
          0,           0,         131,      -6.493606637,      -3.214087778,      -4.673066612,     -0.9459354265
          0,           0,         132,      -6.504949472,      -3.221282129,      -4.690824489,      -0.952863094
          0,           0,         133,      -6.516313148,      -3.228505766,      -4.708596462,     -0.9598152777
          0,           0,         134,      -6.527697908,      -3.235758758,      -4.726377656,      -0.966792516
          0,           0,         135,      -6.539104002,      -3.243041161,      -4.744163149,     -0.9737953323
          0,           0,         136,      -6.550531658,      -3.250353016,      -4.761947897,     -0.9808242169
          0,           0,         137,      -6.561981063,      -3.257694356,      -4.779726707,     -0.9878796111
          0,           0,         138,      -6.573452313,      -3.265065199,      -4.797494184,     -0.9949618839
          0,           0,         139,      -6.584945491,      -3.272465563,      -4.815244858,       -1.00207137
          0,           0,         140,      -6.596460559,      -3.279895451,      -4.832972621,      -1.009208328
          0,           0,         141,      -6.607997402,      -3.287354864,      -4.850670977,      -1.016372966
          0,           0,         142,      -6.619555857,      -3.294843809,      -4.868333115,      -1.023565482
          0,           0,         143,      -6.631135597,      -3.302362255,      -4.885951943,       -1.03078595
          0,           0,         144,      -6.642736272,      -3.309910182,       -4.90351992,      -1.038034453
          0,           0,         145,      -6.654357464,      -3.317487573,      -4.921029098,      -1.045311061
          0,           0,         146,      -6.665998647,      -3.325094408,      -4.938471093,      -1.052615803
          0,           0,         147,      -6.677659193,      -3.332730668,      -4.955837099,      -1.059948676
          0,           0,         148,      -6.689338397,      -3.340396323,      -4.973117965,      -1.067309667
          0,           0,         149,      -6.701035518,      -3.348091347,      -4.990304297,      -1.074698773
          0,           0,         150,      -6.712749792,       -3.35581571,      -5.007386555,       -1.08211602
          0,           0,         151,      -6.724480446,      -3.363569383,      -5.024355121,      -1.089561462
          0,           0,         152,      -6.736226682,      -3.371352338,       -5.04120036,      -1.097035176
          0,           0,         153,      -6.747987661,      -3.379164545,      -5.057912656,      -1.104537257
          0,           0,         154,      -6.759762483,      -3.387005976,      -5.074482444,      -1.112067801
          0,           0,         155,      -6.771550169,      -3.394876604,      -5.090900245,      -1.119626905
          0,           0,         156,      -6.783349643,      -3.402776404,      -5.107156703,      -1.127214654
          0,           0,         157,      -6.795159724,       -3.41070535,      -5.123242619,      -1.134831122
          0,           0,         158,      -6.806979124,      -3.418663416,      -5.139149015,      -1.142476369
          0,           0,         159,      -6.818806448,      -3.426650579,      -5.154867199,      -1.150150448
          0,           0,         160,      -6.830640193,      -3.434666815,      -5.170388822,      -1.157853401
          0,           0,         161,      -6.842478752,      -3.442712102,      -5.185705952,      -1.165585264
          0,           0,         162,      -6.854320417,      -3.450786418,       -5.20081116,      -1.173346066
          0,           0,         163,      -6.866163379,       -3.45888974,      -5.215697581,      -1.181135832
          0,           0,         164,      -6.878005727,      -3.467022048,      -5.230358997,      -1.188954579
          0,           0,         165,      -6.889845453,      -3.475183321,      -5.244789897,       -1.19680232
          0,           0,         166,      -6.901680451,      -3.483373536,      -5.258985541,      -1.204679065
          0,           0,         167,      -6.913508522,      -3.491592673,      -5.272942009,      -1.212584819
          0,           0,         168,      -6.925327378,      -3.499840708,      -5.286656252,      -1.220519583
          0,           0,         169,      -6.937134644,      -3.508117621,      -5.300126131,      -1.228483358
          0,           0,         170,      -6.948927866,      -3.516423385,      -5.313350424,      -1.236476142
          0,           0,         171,      -6.960704509,      -3.524757978,      -5.326328846,      -1.244497933
          0,           0,         172,      -6.972461967,      -3.533121373,      -5.339062041,      -1.252548727
          0,           0,         173,       -6.98419756,      -3.541513544,      -5.351551578,       -1.26062852
          0,           0,         174,      -6.995908541,      -3.549934461,      -5.363799949,      -1.268737306
          0,           0,         175,      -7.007592095,      -3.558384096,      -5.375810593,      -1.276875078
          0,           0,         176,      -7.019245332,      -3.566862422,      -5.387587489,      -1.285041826
          0,           0,         177,      -7.030865352,      -3.575369397,      -5.399135616,       -1.29323754
          0,           0,         178,      -7.042449189,      -3.583904991,      -5.410460371,      -1.301462216
          0,           0,         179,       -7.05399381,      -3.592469168,      -5.421568038,      -1.309715842
          0,           0,         180,      -7.065496133,      -3.601061895,      -5.432465525,      -1.317998399
          0,           0,         181,       -7.07695304,      -3.609683137,      -5.443160182,      -1.326309869
          0,           0,         182,       -7.08836138,      -3.618332854,      -5.453659737,      -1.334650227
          0,           0,         183,      -7.099717989,      -3.627011007,       -5.46397225,      -1.343019447
          0,           0,         184,      -7.111019697,      -3.635717558,      -5.474106055,      -1.351417506
          0,           0,         185,      -7.122263333,      -3.644452467,      -5.484069725,      -1.359844379
          0,           0,         186,      -7.133445733,      -3.653215697,      -5.493872097,       -1.36830004
          0,           0,         187,      -7.144563764,      -3.662007205,      -5.503521734,      -1.376784463
          0,           0,         188,       -7.15561433,      -3.670826954,      -5.513027441,      -1.385297623
          0,           0,         189,      -7.166594366,      -3.679674904,      -5.522397975,      -1.393839491
          0,           0,         190,       -7.17750084,      -3.688551003,      -5.531641977,      -1.402410024
          0,           0,         191,      -7.188330827,      -3.697455227,      -5.540767818,        -1.4110092
          0,           0,         192,      -7.199081469,      -3.706387537,      -5.549783888,      -1.419636991
          0,           0,         193,      -7.209749997,      -3.715347895,      -5.558698359,      -1.428293365
          0,           0,         194,      -7.220333752,      -3.724336263,      -5.567519129,      -1.436978291
          0,           0,         195,      -7.230830202,      -3.733352606,      -5.576253855,      -1.445691736
          0,           0,         196,      -7.241236948,      -3.742396886,      -5.584909934,       -1.45443367
          0,           0,         197,      -7.251551738,      -3.751469067,      -5.593494469,      -1.463204058
          0,           0,         198,      -7.261772481,      -3.760569116,      -5.602014273,      -1.472002871
          0,           0,         199,      -7.271897255,      -3.769696999,      -5.610475846,      -1.480830077
          0,           0,         200,      -7.281924312,      -3.778852685,      -5.618885386,      -1.489685646
          0,           0,         201,      -7.291852098,       -3.78803614,      -5.627248787,      -1.498569546
          0,           0,         202,       -7.30167925,      -3.797247335,       -5.63557164,      -1.507481748
          0,           0,         203,      -7.311404611,       -3.80648624,      -5.643859238,      -1.516422222
          0,           0,         204,      -7.321027231,      -3.815752825,       -5.65211658,      -1.525390937
          0,           0,         205,      -7.330546378,      -3.825047064,      -5.660348377,      -1.534387864
          0,           0,         206,      -7.339961535,      -3.834368929,      -5.668559062,      -1.543412973
          0,           0,         207,      -7.349272407,      -3.843718394,      -5.676752796,      -1.552466235
          0,           0,         208,      -7.358478921,      -3.853095433,      -5.684933479,      -1.561547622
          0,           0,         209,      -7.367581223,      -3.862500023,      -5.693104758,      -1.570657103
          0,           0,         210,       -7.37657968,       -3.87193214,      -5.701270037,      -1.579794651
          0,           0,         211,      -7.385474876,      -3.881391761,      -5.709432489,      -1.588960238
          0,           0,         212,      -7.394267603,      -3.890878864,      -5.717595067,      -1.598153835
          0,           0,         213,      -7.402958864,      -3.900393429,      -5.725760515,      -1.607375415
          0,           0,         214,      -7.411549858,      -3.909935435,      -5.733931377,      -1.616624949
          0,           0,         215,      -7.420041979,      -3.919504863,      -5.742110011,      -1.625902412
          0,           0,         216,      -7.428436804,      -3.929101695,      -5.750298599,      -1.635207776
          0,           0,         217,      -7.436736086,      -3.938725912,      -5.758499158,      -1.644541015
          0,           0,         218,      -7.444941741,      -3.948377498,      -5.766713549,      -1.653902102
          0,           0,         219,       -7.45305584,      -3.958056437,      -5.774943485,      -1.663291012
          0,           0,         220,      -7.461080595,      -3.967762712,      -5.783190539,       -1.67270772
          0,           0,         221,      -7.469018351,       -3.97749631,      -5.791456162,      -1.682152199
          0,           0,         222,      -7.476871569,      -3.987257217,      -5.799741683,      -1.691624426
          0,           0,         223,      -7.484642822,      -3.997045418,      -5.808048317,      -1.701124376
          0,           0,         224,      -7.492334774,      -4.006860902,      -5.816377178,      -1.710652024
          0,           0,         225,      -7.499950174,      -4.016703656,      -5.824729284,      -1.720207347
          0,           0,         226,       -7.50749184,      -4.026573669,       -5.83310556,       -1.72979032
          0,           0,         227,       -7.51496265,      -4.036470931,       -5.84150685,      -1.739400922
          0,           0,         228,       -7.52236553,       -4.04639543,      -5.849933921,      -1.749039128
          0,           0,         229,      -7.529703444,      -4.056347159,      -5.858387471,      -1.758704917
          0,           0,         230,       -7.53697938,      -4.066326107,      -5.866868124,      -1.768398265
          0,           0,         231,       -7.54419634,      -4.076332267,      -5.875376449,       -1.77811915
          0,           0,         232,      -7.551357336,      -4.086365631,      -5.883912962,      -1.787867552
          0,           0,         233,      -7.558465375,      -4.096426192,      -5.892478123,      -1.797643448
          0,           0,         234,      -7.565523452,      -4.106513943,      -5.901072343,      -1.807446818
          0,           0,         235,      -7.572534541,      -4.116628878,      -5.909695989,       -1.81727764
          0,           0,         236,      -7.579501591,       -4.12677099,      -5.918349391,      -1.827135894
          0,           0,         237,      -7.586427516,      -4.136940274,      -5.927032841,      -1.837021558
          0,           0,         238,      -7.593315191,      -4.147136731,      -5.935746596,      -1.846934619
          0,           0,         239,      -7.600167443,      -4.157360352,      -5.944490882,      -1.856875051
          0,           0,         240,      -7.606987051,      -4.167611132,      -5.953265897,      -1.866842834
          0,           0,         241,      -7.613776734,      -4.177889067,      -5.962071803,       -1.87683795
          0,           0,         242,      -7.620539156,      -4.188194153,      -5.970908754,      -1.886860378
          0,           0,         243,      -7.627276918,      -4.198526389,      -5.979776876,        -1.8969101
          0,           0,         244,      -7.633992554,      -4.208885771,      -5.988676279,      -1.906987098
          0,           0,         245,      -7.640688532,      -4.219272297,      -5.997607048,      -1.917091352
          0,           0,         246,      -7.647367248,      -4.229685966,      -6.006569247,      -1.927222844
          0,           0,         247,      -7.654031032,      -4.240126776,      -6.015562934,      -1.937381557
          0,           0,         248,      -7.660682131,      -4.250594726,       -6.02458815,      -1.947567472
          0,           0,         249,      -7.667322727,      -4.261089815,      -6.033644936,      -1.957780572
          0,           0,         250,      -7.673954927,      -4.271612045,       -6.04273331,       -1.96802084
          0,           0,         251,      -7.680580763,      -4.282161415,      -6.051853272,      -1.978288258
          0,           0,         252,      -7.687202198,      -4.292737924,      -6.061004818,      -1.988582809
          0,           0,         253,      -7.693821117,      -4.303341575,      -6.070187935,      -1.998904477
          0,           0,         254,      -7.700439335,       -4.31397237,      -6.079402591,      -2.009253246
          0,           0,         255,      -7.707058591,      -4.324630312,      -6.088648752,      -2.019629102
          0,           0,         256,      -7.713680559,      -4.335315403,      -6.097926409,       -2.03003203
          0,           0,         257,       -7.72030684,      -4.346027647,      -6.107235537,      -2.040462015
          0,           0,         258,      -7.726938972,       -4.35676706,      -6.116576091,      -2.050919054
          0,           0,         259,      -7.733578421,      -4.367533638,      -6.125948044,      -2.061403124
          0,           0,         260,      -7.740226584,      -4.378327377,      -6.135351346,      -2.071914206
          0,           0,         261,      -7.746884802,      -4.389148282,      -6.144785936,      -2.082452282
          0,           0,         262,      -7.753554349,      -4.399996356,      -6.154251751,      -2.093017339
          0,           0,         263,      -7.760236443,      -4.410871605,      -6.163748718,      -2.103609362
          0,           0,         264,      -7.766932239,      -4.421774033,       -6.17327676,      -2.114228337
          0,           0,         265,      -7.773642839,      -4.432703646,      -6.182835792,      -2.124874251
          0,           0,         266,      -7.780369283,      -4.443660451,      -6.192425726,      -2.135547088
          0,           0,         267,      -7.787112564,      -4.454644455,      -6.202046476,      -2.146246836
          0,           0,         268,      -7.793873618,      -4.465655665,      -6.211697943,      -2.156973479
          0,           0,         269,      -7.800653331,      -4.476694088,      -6.221380023,      -2.167727004
          0,           0,         270,      -7.807452545,      -4.487759734,      -6.231092603,      -2.178507394
          0,           0,         271,      -7.814272053,      -4.498852612,      -6.240835575,      -2.189314637
          0,           0,         272,      -7.821112604,       -4.50997273,      -6.250608823,      -2.200148719
          0,           0,         273,      -7.827974908,        -4.5211201,      -6.260412235,      -2.211009624
          0,           0,         274,      -7.834859635,      -4.532294732,      -6.270245724,      -2.221897344
          0,           0,         275,      -7.841767421,      -4.543496636,       -6.28010922,      -2.232811869
          0,           0,         276,       -7.84869887,      -4.554725825,      -6.290002689,      -2.243753193
          0,           0,         277,      -7.855654551,      -4.565982311,      -6.299926127,      -2.254721315
          0,           0,         278,      -7.862635004,      -4.577266108,      -6.309879544,      -2.265716234
          0,           0,         279,      -7.869640735,      -4.588577229,      -6.319862963,      -2.276737952
          0,           0,         280,      -7.876672214,      -4.599915688,      -6.329876403,      -2.287786467
          0,           0,         281,       -7.88372988,        -4.6112815,      -6.339919864,       -2.29886178
          0,           0,         282,      -7.890814138,       -4.62267468,      -6.349993315,      -2.309963887
          0,           0,         283,      -7.897925361,      -4.634095245,        -6.3600967,       -2.32109278
          0,           0,         284,      -7.905063891,      -4.645543211,      -6.370229939,      -2.332248454
          0,           0,         285,      -7.912230047,      -4.657018596,      -6.380392931,      -2.343430898
          0,           0,         286,      -7.919424123,      -4.668521416,      -6.390585572,      -2.354640106
          0,           0,         287,      -7.926646388,      -4.680051692,      -6.400807745,      -2.365876068
          0,           0,         288,      -7.933897096,      -4.691609441,       -6.41105934,      -2.377138778
          0,           0,         289,      -7.941176477,      -4.703194683,      -6.421340245,      -2.388428227
          0,           0,         290,      -7.948484743,      -4.714807437,      -6.431650356,       -2.39974441
          0,           0,         291,      -7.955822091,      -4.726447726,      -6.441989564,      -2.411087321
          0,           0,         292,      -7.963188697,      -4.738115569,      -6.452357786,      -2.422456957
          0,           0,         293,      -7.970584725,      -4.749810991,      -6.462754934,      -2.433853314
          0,           0,         294,      -7.978010322,      -4.761534014,      -6.473180921,      -2.445276389
          0,           0,         295,       -7.98546562,      -4.773284661,      -6.483635679,      -2.456726182
          0,           0,         296,      -7.992950737,      -4.785062956,      -6.494119126,       -2.46820269
          0,           0,         297,      -8.000465781,      -4.796868926,      -6.504631202,      -2.479705914
          0,           0,         298,      -8.008010845,      -4.808702595,      -6.515171844,      -2.491235855
          0,           0,         299,      -8.015586011,      -4.820563991,       -6.52574099,      -2.502792514
          0,           0,         300,      -8.023191349,      -4.832453139,      -6.536338585,      -2.514375894
          0,           0,         301,       -8.03082692,      -4.844370069,      -6.546964573,      -2.525985998
          0,           0,         302,      -8.038492773,      -4.856314809,      -6.557618909,       -2.53762283
          0,           0,         303,       -8.04618895,      -4.868287388,       -6.56830154,      -2.549286394
          0,           0,         304,       -8.05391548,      -4.880287836,      -6.579012412,      -2.560976695
          0,           0,         305,      -8.061672385,      -4.892316184,      -6.589751488,      -2.572693737
          0,           0,         306,       -8.06945968,      -4.904372464,      -6.600518715,      -2.584437526
          0,           0,         307,      -8.077277372,      -4.916456708,      -6.611314057,      -2.596208069
          0,           0,         308,      -8.085125459,      -4.928568949,      -6.622137484,      -2.608005374
          0,           0,         309,      -8.093003935,       -4.94070922,      -6.632988939,      -2.619829446
          0,           0,         310,      -8.100912784,      -4.952877558,      -6.643868407,      -2.631680296
          0,           0,         311,      -8.108851987,      -4.965073996,      -6.654775831,       -2.64355793
          0,           0,         312,      -8.116821517,      -4.977298571,      -6.665711177,      -2.655462358
          0,           0,         313,      -8.124821341,       -4.98955132,      -6.676674396,      -2.667393588
          0,           0,         314,      -8.132851424,      -5.001832282,      -6.687665457,      -2.679351629
          0,           0,         315,      -8.140911723,      -5.014141493,      -6.698684329,      -2.691336494
          0,           0,         316,      -8.149002195,      -5.026478995,      -6.709730979,      -2.703348192
          0,           0,         317,      -8.157122788,      -5.038844826,      -6.720805356,      -2.715386735
          0,           0,         318,      -8.165273447,      -5.051239028,      -6.731907445,      -2.727452137
          0,           0,         319,      -8.173454117,      -5.063661644,      -6.743037179,      -2.739544406
          0,           0,         320,      -8.181664733,      -5.076112715,      -6.754194556,      -2.751663558
          0,           0,         321,      -8.189905234,      -5.088592284,      -6.765379511,      -2.763809605
          0,           0,         322,      -8.198175553,      -5.101100398,      -6.776592036,      -2.775982562
          0,           0,         323,      -8.206475619,        -5.1136371,       -6.78783211,      -2.788182447
          0,           0,         324,      -8.214805361,      -5.126202436,      -6.799099692,      -2.800409273
          0,           0,         325,        -8.2231647,      -5.138796455,      -6.810394741,      -2.812663055
          0,           0,         326,      -8.231553564,      -5.151419203,      -6.821717228,      -2.824943808
          0,           0,         327,      -8.239971872,      -5.164070729,      -6.833067128,      -2.837251552
          0,           0,         328,       -8.24841954,      -5.176751084,      -6.844444423,      -2.849586304
          0,           0,         329,      -8.256896489,      -5.189460317,      -6.855849055,       -2.86194808
          0,           0,         330,      -8.265402632,       -5.20219848,      -6.867281033,      -2.874336902
          0,           0,         331,      -8.273937885,      -5.214965625,      -6.878740308,      -2.886752788
          0,           0,         332,      -8.282502158,      -5.227761806,       -6.89022685,      -2.899195756
          0,           0,         333,      -8.291095366,      -5.240587077,      -6.901740657,      -2.911665829
          0,           0,         334,      -8.299717417,      -5.253441494,      -6.913281711,      -2.924163031
          0,           0,         335,       -8.30836822,      -5.266325112,      -6.924849947,      -2.936687379
          0,           0,         336,      -8.317047686,      -5.279237988,      -6.936445381,      -2.949238897
          0,           0,         337,      -8.325755723,      -5.292180182,      -6.948067986,      -2.961817611
          0,           0,         338,      -8.334492233,      -5.305151751,      -6.959717717,      -2.974423539
          0,           0,         339,      -8.343257125,      -5.318152756,      -6.971394566,      -2.987056709
          0,           0,         340,      -8.352050304,      -5.331183259,      -6.983098542,      -2.999717147
          0,           0,         341,      -8.360871677,      -5.344243321,      -6.994829578,      -3.012404876
          0,           0,         342,      -8.369721147,      -5.357333006,      -7.006587696,      -3.025119925
          0,           0,         343,      -8.378598618,      -5.370452378,      -7.018372862,       -3.03786232
          0,           0,         344,      -8.387503996,      -5.383601503,      -7.030185051,      -3.050632088
          0,           0,         345,      -8.396437182,      -5.396780446,      -7.042024271,      -3.063429259
          0,           0,         346,      -8.405398082,      -5.409989275,      -7.053890477,       -3.07625386
          0,           0,         347,      -8.414386597,      -5.423228059,      -7.065783663,      -3.089105922
          0,           0,         348,      -8.423402633,      -5.436496868,      -7.077703838,      -3.101985474
          0,           0,         349,      -8.432446089,      -5.449795772,      -7.089650972,       -3.11489255
          0,           0,         350,      -8.441516873,      -5.463124844,       -7.10162502,      -3.127827179
          0,           0,         351,      -8.450614886,      -5.476484155,      -7.113626007,      -3.140789392
          0,           0,         352,      -8.459740031,      -5.489873782,      -7.125653914,      -3.153779226
          0,           0,         353,      -8.468892212,      -5.503293798,       -7.13770875,      -3.166796717
          0,           0,         354,      -8.478071334,      -5.516744281,      -7.149790469,      -3.179841893
          0,           0,         355,      -8.487277298,      -5.530225309,      -7.161899098,      -3.192914798
          0,           0,         356,      -8.496510011,       -5.54373696,      -7.174034602,      -3.206015461
          0,           0,         357,      -8.505769376,      -5.557279314,      -7.186196987,      -3.219143922
          0,           0,         358,      -8.515055297,      -5.570852453,      -7.198386222,      -3.232300217
          0,           0,         359,      -8.524367676,       -5.58445646,      -7.210602315,      -3.245484385
          0,           0,         360,      -8.533706421,      -5.598091418,      -7.222845232,      -3.258696462
          0,           0,         361,      -8.543071439,      -5.611757413,      -7.235114968,      -3.271936488
          0,           0,         362,       -8.55246263,      -5.625454531,      -7.247411568,      -3.285204512
          0,           0,         363,      -8.561879907,       -5.63918286,      -7.259734981,      -3.298500569
          0,           0,         364,      -8.571323171,      -5.652942489,       -7.27208521,      -3.311824705
          0,           0,         365,      -8.580792331,      -5.666733509,      -7.284462281,       -3.32517696
          0,           0,         366,      -8.590287293,       -5.68055601,      -7.296866157,      -3.338557383
          0,           0,         367,      -8.599807965,      -5.694410087,      -7.309296799,      -3.351966007
          0,           0,         368,      -8.609354255,      -5.708295833,      -7.321754295,      -3.365402891
          0,           0,         369,      -8.618926075,      -5.722213344,      -7.334238652,      -3.378868084
          0,           0,         370,      -8.628523332,      -5.736162718,      -7.346749834,      -3.392361632
          0,           0,         371,      -8.638145932,      -5.750144054,       -7.35928779,      -3.405883577
          0,           0,         372,      -8.647793782,       -5.76415745,      -7.371852561,      -3.419433965
          0,           0,         373,        -8.6574668,      -5.778203009,      -7.384444064,      -3.433012841
          0,           0,         374,      -8.667164889,      -5.792280833,      -7.397062399,      -3.446620267
          0,           0,         375,      -8.676887964,      -5.806391026,       -7.40970754,      -3.460256295
          0,           0,         376,      -8.686635938,      -5.820533695,      -7.422379512,      -3.473920983
          0,           0,         377,      -8.696408719,      -5.834708947,      -7.435078305,      -3.487614378
          0,           0,         378,      -8.706206227,      -5.848916889,      -7.447803871,      -3.501336533
          0,           0,         379,      -8.716028368,      -5.863157633,       -7.46055629,      -3.515087508
          0,           0,         380,      -8.725875055,       -5.87743129,      -7.473335577,      -3.528867368
          0,           0,         381,      -8.735746206,      -5.891737973,      -7.486141668,      -3.542676159
          0,           0,         382,      -8.745641728,      -5.906077798,      -7.498974623,      -3.556513946
          0,           0,         383,      -8.755561549,      -5.920450878,      -7.511834351,      -3.570380774
          0,           0,         384,       -8.76550557,      -5.934857334,      -7.524720967,      -3.584276721
          0,           0,         385,      -8.775473711,      -5.949297284,      -7.537634359,      -3.598201837
          0,           0,         386,       -8.78546589,      -5.963770848,      -7.550574642,      -3.612156191
          0,           0,         387,      -8.795482024,       -5.97827815,      -7.563541784,      -3.626139849
          0,           0,         388,       -8.80552203,      -5.992819312,      -7.576535839,      -3.640152884
          0,           0,         389,      -8.815585829,      -6.007394461,      -7.589556828,      -3.654195361
          0,           0,         390,      -8.825673334,      -6.022003723,      -7.602604704,      -3.668267344
          0,           0,         391,      -8.835784458,      -6.036647228,      -7.615679513,      -3.682368895
          0,           0,         392,      -8.845919131,      -6.051325104,      -7.628781185,      -3.696500081
          0,           0,         393,      -8.856077267,      -6.066037484,      -7.641909765,       -3.71066098
          0,           0,         394,      -8.866258786,        -6.0807845,      -7.655065293,      -3.724851655
          0,           0,         395,      -8.876463608,      -6.095566286,      -7.668247703,      -3.739072183
          0,           0,         396,      -8.886691651,      -6.110382981,      -7.681457058,      -3.753322641
          0,           0,         397,      -8.896942841,       -6.12523472,      -7.694693454,      -3.767603116
          0,           0,         398,      -8.907217098,      -6.140121644,      -7.707956857,      -3.781913681
          0,           0,         399,      -8.917514338,      -6.155043894,      -7.721247318,      -3.796254421
          0,           0,         400,      -8.927834501,      -6.170001609,      -7.734564766,      -3.810625401
          0,           0,         401,      -8.938177489,      -6.184994936,      -7.747909338,      -3.825026713
          0,           0,         402,       -8.94854324,      -6.200024017,       -7.76128086,      -3.839458421
          0,           0,         403,      -8.958931665,      -6.215089001,      -7.774679488,      -3.853920623
          0,           0,         404,      -8.969342691,      -6.230190034,       -7.78810529,      -3.868413407
          0,           0,         405,      -8.979776251,      -6.245327264,      -7.801558148,      -3.882936852
          0,           0,         406,      -8.990232266,      -6.260500844,      -7.815038124,      -3.897491043
          0,           0,         407,       -9.00071065,      -6.275710923,      -7.828545227,      -3.912076074
          0,           0,         408,      -9.011211341,      -6.290957656,      -7.842079574,      -3.926692039
          0,           0,         409,      -9.021734258,      -6.306241194,      -7.855641093,      -3.941339035
          0,           0,         410,      -9.032279336,      -6.321561694,      -7.869229773,      -3.956017142
          0,           0,         411,      -9.042846483,      -6.336919311,      -7.882845692,      -3.970726451
          0,           0,         412,      -9.053435643,        -6.3523142,      -7.896488747,      -3.985467049
          0,           0,         413,      -9.064046737,      -6.367746521,       -7.91015909,      -4.000239049
          0,           0,         414,      -9.074679696,      -6.383216432,      -7.923856804,      -4.015042578
          0,           0,         415,      -9.085334446,      -6.398724091,      -7.937581922,      -4.029877726
          0,           0,         416,      -9.096010911,      -6.414269659,      -7.951334421,      -4.044744586
          0,           0,         417,      -9.106709024,      -6.429853295,      -7.965114241,      -4.059643254
          0,           0,         418,      -9.117428706,      -6.445475159,       -7.97892138,      -4.074573814
          0,           0,         419,      -9.128169893,      -6.461135413,      -7.992756045,      -4.089536413
          0,           0,         420,      -9.138932518,      -6.476834217,      -8.006618264,      -4.104531177
          0,           0,         421,      -9.149716501,      -6.492571732,      -8.020508009,       -4.11955819
          0,           0,         422,      -9.160521771,      -6.508348118,      -8.034425212,      -4.134617562
          0,           0,         423,      -9.171348268,      -6.524163533,      -8.048369948,      -4.149709385
          0,           0,         424,      -9.182195909,      -6.540018141,      -8.062342192,      -4.164833791
          0,           0,         425,      -9.193064628,      -6.555912093,      -8.076341941,       -4.17999088
          0,           0,         426,      -9.203954376,      -6.571845552,      -8.090369291,      -4.195180797
          0,           0,         427,      -9.214865047,      -6.587818674,      -8.104424321,      -4.210403668
          0,           0,         428,      -9.225796606,      -6.603831612,      -8.118507033,        -4.2256596
          0,           0,         429,      -9.236748963,      -6.619884521,      -8.132617573,      -4.240948735
          0,           0,         430,       -9.24772206,      -6.635977548,       -8.14675592,       -4.25627119
          0,           0,         431,      -9.258715831,      -6.652110845,      -8.160922074,      -4.271627105
          0,           0,         432,      -9.269730197,       -6.66828456,      -8.175116109,      -4.287016623
          0,           0,         433,      -9.280765092,       -6.68449883,      -8.189338136,      -4.302439849
          0,           0,         434,      -9.291820451,      -6.700753797,      -8.203588032,       -4.31789688
          0,           0,         435,      -9.302896208,      -6.717049594,      -8.217865458,      -4.333387835
          0,           0,         436,      -9.313992293,      -6.733386353,      -8.232171026,      -4.348912938
          0,           0,         437,      -9.325108651,      -6.749764198,      -8.246504758,      -4.364472292
          0,           0,         438,      -9.336245196,      -6.766183258,      -8.260866841,      -4.380066121
          0,           0,         439,      -9.347401888,      -6.782643638,      -8.275257082,      -4.395694492
          0,           0,         440,      -9.358578622,      -6.799145453,      -8.289675338,      -4.411357517
          0,           0,         441,       -9.36977536,      -6.815688795,      -8.304121456,      -4.427055281
          0,           0,         442,      -9.380992015,      -6.832273769,      -8.318595892,       -4.44278804
          0,           0,         443,      -9.392228533,      -6.848900456,      -8.333098654,      -4.458555917
          0,           0,         444,      -9.403484853,      -6.865568924,      -8.347629759,      -4.474359058
          0,           0,         445,      -9.414760884,      -6.882279253,      -8.362189047,      -4.490197626
          0,           0,         446,      -9.426056596,      -6.899031483,      -8.376776645,      -4.506071738
          0,           0,         447,      -9.437371917,      -6.915825659,      -8.391392636,      -4.521981599
          0,           0,         448,      -9.448706752,      -6.932661834,      -8.406038117,      -4.537927536
          0,           0,         449,      -9.460061051,      -6.949539997,      -8.420711694,      -4.553909434
          0,           0,         450,      -9.471434767,      -6.966460157,      -8.435413602,      -4.569927484
          0,           0,         451,      -9.482827799,      -6.983422303,      -8.450144086,      -4.585981881
          0,           0,         452,        -9.4942401,      -7.000426398,      -8.464903167,      -4.602072816
          0,           0,         453,      -9.505671607,      -7.017472392,       -8.47969113,      -4.618200456
          0,           0,         454,      -9.517122257,      -7.034560218,      -8.494508264,      -4.634365059
          0,           0,         455,      -9.528591987,      -7.051689776,      -8.509354195,       -4.65056673
          0,           0,         456,      -9.540080714,      -7.068860959,      -8.524229035,      -4.666805601
          0,           0,         457,      -9.551588374,       -7.08607361,      -8.539132738,      -4.683081818
          0,           0,         458,      -9.563114922,      -7.103327561,      -8.554065026,      -4.699395476
          0,           0,         459,      -9.574660245,      -7.120622628,      -8.569026417,      -4.715746861
          0,           0,         460,      -9.586224342,       -7.13795857,      -8.584017374,       -4.73213625
          0,           0,         461,      -9.597807134,      -7.155335125,      -8.599036963,      -4.748563678
          0,           0,         462,      -9.609408529,      -7.172751996,      -8.614085945,      -4.765029325
          0,           0,         463,      -9.621028466,       -7.19020885,      -8.629164753,      -4.781533516
          0,           0,         464,      -9.632666904,      -7.207705304,      -8.644273254,      -4.798076392
          0,           0,         465,      -9.644323757,      -7.225240939,      -8.659410498,      -4.814657961
          0,           0,         466,      -9.655998939,      -7.242815297,      -8.674577968,       -4.83127855
          0,           0,         467,      -9.667692432,       -7.26042783,      -8.689773829,       -4.84793805
          0,           0,         468,      -9.679404129,       -7.27807798,      -8.704999123,      -4.864636712
          0,           0,         469,      -9.691133973,      -7.295765136,       -8.72025397,      -4.881374939
          0,           0,         470,       -9.70288193,      -7.313488591,      -8.735538451,      -4.898152786
          0,           0,         471,      -9.714647918,      -7.331247601,       -8.75085327,      -4.914970582
          0,           0,         472,      -9.726431866,      -7.349041355,      -8.766197918,      -4.931828512
          0,           0,         473,       -9.73823372,      -7.366868957,       -8.78157298,      -4.948726745
          0,           0,         474,      -9.750053385,      -7.384729429,      -8.796978515,      -4.965665318
          0,           0,         475,      -9.761890833,      -7.402621748,      -8.812413532,      -4.982644309
          0,           0,         476,      -9.773745959,      -7.420544719,      -8.827877893,      -4.999663718
          0,           0,         477,      -9.785618732,      -7.438497158,      -8.843371903,      -5.016723921
          0,           0,         478,      -9.797509082,      -7.456477757,      -8.858897579,      -5.033825446
          0,           0,         479,      -9.809416885,      -7.474485028,      -8.874453562,      -5.050968022
          0,           0,         480,       -9.82134218,      -7.492517484,      -8.890038641,      -5.068151707
          0,           0,         481,      -9.833284825,       -7.51057346,      -8.905654254,      -5.085376804
          0,           0,         482,      -9.845244805,      -7.528651222,      -8.921300895,      -5.102643745
          0,           0,         483,      -9.857221955,      -7.546748844,      -8.936979545,      -5.119952579
          0,           0,         484,      -9.869216322,      -7.564864289,      -8.952686275,      -5.137302693
          0,           0,         485,      -9.881227781,       -7.58299543,      -8.968423886,      -5.154694801
          0,           0,         486,       -9.89325629,       -7.60113993,       -8.98419324,      -5.172129117
          0,           0,         487,      -9.905301747,      -7.619295347,      -8.999992675,      -5.189605618
          0,           0,         488,      -9.917364132,      -7.637459095,      -9.015823693,      -5.207124458
          0,           0,         489,      -9.929443346,      -7.655628337,      -9.031687408,      -5.224685888
          0,           0,         490,      -9.941539396,       -7.67380018,      -9.047580196,      -5.242289651
          0,           0,         491,      -9.953652089,      -7.691971469,      -9.063504822,      -5.259935853
          0,           0,         492,      -9.965781384,      -7.710138912,      -9.079462056,      -5.277624642
          0,           0,         493,      -9.977927334,       -7.72829904,      -9.095448911,      -5.295355829
          0,           0,         494,      -9.990089719,      -7.746448122,      -9.111467327,      -5.313129495
          0,           0,         495,       -10.0022686,      -7.764582351,      -9.127515155,      -5.330945434
